"Rank","Genre","Director","Actors","Year","Runtime_Minutes","Rating","Votes","Revenue_Millions","Metascore"
1,12,266,95,2014,121,8.1,757074,333.13,76
2,86,519,393,2012,124,7,485820,126.46,65
3,196,392,222,2016,117,7.3,157606,138.12,62
4,93,106,349,2016,108,7.2,60545,270.32,59
5,8,137,516,2016,123,6.2,393727,325.02,40
6,8,641,346,2016,103,6.1,56036,45.13,42
7,117,124,439,2016,128,8.3,258682,151.06,93
8,109,559,161,2016,89,6.4,2490,45.13,71
9,3,265,86,2016,141,7.1,7188,8.01,78
10,75,450,241,2016,116,7,192177,100.01,41
11,81,156,135,2016,133,7.5,232072,234.02,66
12,103,604,481,2016,127,7.8,93103,169.27,74
13,12,205,168,2016,133,7.9,323118,532.17,65
14,90,535,50,2016,107,7.7,118151,248.75,81
15,19,451,39,2016,109,6.4,8612,2.87,70
16,90,99,322,2016,87,6.6,120259,368.31,61
17,103,422,30,2016,139,8.2,211760,67.12,71
18,56,485,346,2016,123,6.7,150823,162.16,58
19,101,207,124,2016,118,8.1,102061,51.69,69
20,174,159,26,2016,116,8,340798,100.5,81
21,77,582,348,2016,120,6.7,19053,7.22,49
22,150,364,81,2016,137,7.9,134213,47.7,96
23,143,66,153,2016,108,6.7,1115,292.57,72
24,90,627,37,2016,92,6.5,38552,153.69,56
25,12,532,313,2016,120,5.3,127553,103.14,32
26,109,166,170,2016,83,6.8,222,0.92,57.8732848305527
27,6,544,409,2015,159,8.3,76193,6.5,42.5763073227142
28,196,502,251,2016,99,4.7,523,0.01,56.8769955158728
29,109,325,369,2016,100,6.2,66540,113.08,60
30,6,353,360,2016,115,5.9,112813,54.65,36
31,109,310,525,2016,111,6.3,48123,60.31,39
32,184,614,26,2016,116,7.5,126030,10.64,67
33,12,84,222,2016,144,7.1,275510,155.33,52
34,4,609,441,2016,108,8,627797,363.02,65
35,50,489,371,2016,107,5.6,46165,26.84,49
36,12,46,91,2016,147,7.9,411656,408.08,75
37,76,109,348,2014,169,8.6,1047747,187.99,74
38,8,552,57,2016,115,7.6,293732,232.6,72
39,14,47,123,2016,132,6.9,122853,93.38,54
40,113,482,256,2007,113,7.1,241,281.28,71.5597574709574
41,90,230,465,2016,89,6.3,120690,97.66,66
42,150,59,334,2016,111,7.5,135095,27.85,99
43,191,567,72,2016,73,2.7,496,115.8,49.5128109391155
44,103,314,361,2016,115,7.2,37033,12.79,66
45,150,512,178,2016,99,6.3,279,4.21,57
46,8,522,261,2011,136,6.7,395025,241.06,45
47,184,316,246,2016,132,7.3,17818,3.44,64
48,72,554,198,2016,91,5.6,5103,234.36,60.4898045477335
49,12,354,94,2016,122,7.1,164567,158.8,68
50,150,560,87,2016,130,3.7,987,14.26,16
51,8,253,106,2015,136,8.1,661608,936.63,81
52,8,43,279,2016,91,5.8,41362,30.35,23
53,113,206,239,2016,118,5.6,20221,32.46,18
54,32,93,286,2014,101,7.2,321933,43,68
55,27,109,96,2008,152,9,1791916,533.32,82
56,73,412,30,2016,161,7.3,49190,7.08,79
57,147,191,475,2016,88,7.2,121103,89.21,71
58,177,603,149,2016,106,7.4,113322,56.23,51
59,119,385,184,2016,117,7,3739,3.18,76
60,101,113,496,2016,96,7.5,137608,125.07,74
61,12,643,51,2016,151,6.7,472307,330.25,44
62,194,29,69,2016,86,6.8,35870,67.12,65
63,145,596,151,2016,112,6.5,102177,75.31,48
64,179,547,108,2015,125,4.1,244474,166.15,46
65,174,109,96,2006,130,8.5,913152,53.08,66
66,4,418,103,2014,129,7.7,440209,128.25,58
67,163,494,344,2016,133,7.4,39784,31.86,69
68,12,218,497,2015,120,8.1,632842,153.63,90
69,150,530,74,2016,106,7.5,291,0.01,61
70,41,494,344,2016,107,7.2,89849,61.28,68
71,162,600,397,2016,133,5.9,149791,70.08,49
72,38,529,64,2016,124,7.1,78079,40.07,60
73,154,251,312,2016,108,7.5,39134,3.73,76
74,177,143,516,2016,97,6.8,43977,30.98,23
75,90,86,189,2016,108,8.1,296853,341.26,78
76,8,225,261,2007,169,7.1,498821,309.4,50
77,54,344,428,2012,143,8.1,1045588,623.28,69
78,78,507,64,2009,153,8.3,959065,120.52,69
79,8,225,261,2006,151,7.3,552027,423.03,53
80,21,484,353,2016,116,5.3,147717,128.34,60
81,12,109,310,2010,148,8.8,1583625,292.57,74
82,113,416,508,2016,118,7.9,105081,5.88,72
83,98,412,310,2013,180,8.2,865134,116.87,75
84,145,142,51,2014,149,8.1,636243,167.74,79
85,32,272,509,2015,137,7.2,301249,350.03,67
86,12,115,95,2015,124,7,455169,652.18,59
87,140,62,51,2016,129,6.4,27869,10.38,49
88,8,262,448,2009,162,7.8,935408,760.51,83
89,145,507,450,2015,187,7.8,341170,54.12,68
90,27,215,51,2016,128,7.4,162122,86.2,51
91,145,159,201,2013,153,8.1,431185,60.96,74
92,8,172,502,2016,123,7,187547,47.17,32
93,150,596,155,2011,146,8.1,342429,169.71,62
94,111,612,264,2016,114,7.1,106463,43.02,57
95,12,344,428,2015,141,7.4,516895,458.99,66
96,18,565,436,2016,116,7.4,175067,36.25,70
97,94,393,442,2016,106,8.6,34110,4.68,79
98,193,291,3,2016,90,5.8,9247,0.15,62
99,175,469,298,2016,105,6.3,10181,1.29,77
100,146,412,310,2006,151,8.5,937414,132.37,85
101,100,80,497,2015,132,7,108836,1.87,55
102,8,363,92,2011,115,7,570814,181.02,57
103,76,519,346,2015,144,8,556097,228.43,80
104,148,472,339,2016,106,7.9,7204,13.3,52.617688842119
105,4,236,197,2015,116,7.3,202973,45.43,56
106,146,148,94,2016,102,7.7,115546,26.86,88
107,109,597,427,2016,120,5.4,1954,1.66,40
108,6,156,15,2016,110,6.3,117590,126.59,44
109,150,359,165,2016,105,5.8,1004,206.44,48
110,174,16,21,2014,108,7.7,339797,25.44,78
111,51,228,257,2016,89,6.3,3712,10.16,44
112,103,584,89,2013,134,8.1,486338,56.67,96
113,202,28,286,2016,118,6.1,512,10.57,65
114,46,643,187,2006,117,7.7,637104,210.59,52
115,72,156,115,2011,130,8.1,590595,380.96,87
116,109,342,229,2016,105,5.8,30761,54.73,42
117,196,462,144,2016,118,6.2,50359,1.33,51
118,16,466,1,2016,161,8.8,48969,11.15,53.6241420211677
119,167,131,258,2016,104,7.2,192968,71.9,76
120,90,35,145,2016,97,7.4,157026,486.29,77
121,71,607,163,2016,127,6.7,101058,87.24,57
122,86,456,466,2014,139,6.7,362093,150.83,48
123,67,258,522,2016,98,6,53183,46.01,51
124,1,613,459,2016,86,7.4,10428,3.9,59.5859863472827
125,56,109,96,2012,164,8.5,1222645,448.13,78
126,71,322,384,2016,106,7.5,198243,364,77
127,12,424,344,2014,165,5.7,255483,245.43,32
128,69,240,154,2016,96,6.6,69651,38.56,58
129,123,504,354,2008,108,6.4,153481,143.7,51
130,77,14,310,2015,156,8,499424,183.64,76
131,150,162,123,2016,139,7.3,50953,57.64,79
132,63,522,37,2014,125,6,109756,128,69
133,169,281,62,2016,86,6.4,78328,55.12,59
134,170,124,370,2014,107,8.5,477276,13.09,88
135,32,354,509,2013,130,7.1,318051,238.67,61
136,146,163,439,2012,140,7.3,200090,21.38,68
137,146,185,500,2007,122,8.1,660286,74.27,91
138,177,61,310,2013,143,7.3,386102,144.81,55
139,200,412,310,2010,138,8.1,855604,127.97,63
140,201,410,107,2016,148,7.1,13004,25.56,44
141,12,253,94,2009,127,8,526324,257.7,82
142,121,606,524,2010,94,6.2,34184,64,56
143,99,4,96,2015,130,7.8,246360,70.24,81
144,150,380,71,2015,118,8.2,224132,14.68,86
145,187,507,224,2012,165,8.4,1039115,162.8,81
146,173,94,372,2016,144,8.1,33418,2.01,84
147,113,360,192,2016,104,7.4,47694,14.26,77
148,37,643,211,2009,162,7.6,410249,107.5,56
149,109,229,359,2007,113,7.6,442082,121.46,76
150,5,536,496,2016,121,6.2,97623,34.26,42
151,81,591,343,2016,117,6.4,50853,55.47,66
152,87,209,241,2012,142,7.2,735604,408,68
153,150,179,375,2016,88,5.8,4299,0.2,65
154,27,159,151,2015,121,7.6,243230,46.88,82
155,167,147,93,2014,91,8.1,1973,1.74,61.2801995667109
156,50,114,420,2007,94,4.7,97618,41.8,29
157,12,234,204,2013,131,7,400519,101.79,64
158,119,224,476,2011,118,7.4,396714,84.24,68
159,21,174,359,2010,112,7.5,291457,31.49,69
160,23,174,471,2007,121,7.9,373244,23.62,81
161,207,189,47,2016,106,6,5926,100.02,40
162,18,65,468,2016,90,7,6946,1.8,63
163,12,84,399,2014,132,8,552298,233.91,74
164,5,175,495,2016,118,6.1,78043,58.4,47
165,13,409,113,2006,144,8,495106,167.01,80
166,159,91,298,2008,122,5.2,361449,191.45,56
167,4,326,244,2016,129,6.5,156567,65.03,46
168,103,570,196,2015,109,7.3,39723,33.31,51
169,35,424,259,2016,144,7.3,76935,52.82,48
170,13,545,113,2015,148,6.8,308981,200.07,60
171,146,127,215,2014,118,7.9,332476,32.28,76
172,91,624,87,2016,101,7.9,72778,48.02,84
173,84,254,191,2016,84,5.2,2127,7.77,59
174,178,576,250,2013,126,8,390531,25.56,90
175,90,95,296,2013,102,7.5,451894,400.74,74
176,7,75,186,2015,130,6.5,143069,93.42,60
177,6,415,182,2014,130,7.6,337777,208.54,79
178,17,64,54,2008,107,7,321442,110.42,71
179,194,272,507,2016,134,7.4,137203,102.46,65
180,4,498,404,2015,117,7.3,368912,180.19,64
181,135,566,421,2016,118,6.7,43086,24.09,59
182,192,524,45,2015,92,6.8,101781,25.14,83
183,152,363,316,2015,105,7,117018,201.15,67
184,204,413,499,2016,112,5.9,1176,121.46,52.9705041596761
185,184,53,482,2016,124,8,22389,3.4,85
186,177,212,46,2015,135,6,24003,26.05,51
187,186,40,252,2016,113,6.3,11944,1.72,53
188,155,234,356,2015,119,6.6,97454,31.06,66
189,140,462,439,2011,100,7.8,461509,35.05,78
190,119,347,28,2015,125,6.3,106364,110.01,75
191,177,163,360,2016,133,7.2,27382,12.53,60
192,150,49,160,2016,94,5.6,1445,106.95,42
193,142,617,342,2015,128,8.1,268282,44.99,93
194,195,390,282,2016,92,5.8,22107,3.91,48
195,40,215,497,2011,140,8.2,355722,13.65,71
196,12,301,91,2011,124,6.9,547368,176.64,66
197,146,9,77,2016,95,6.3,3799,423.03,86.9520645151205
198,61,560,148,2007,148,8.1,459304,18.35,73
199,107,450,57,2014,114,8.1,532353,91.12,73
200,18,510,130,2016,107,6.3,97082,127.38,52
201,12,169,495,2014,113,7.9,471815,100.19,71
202,155,225,111,2016,146,6.5,12193,8.1,47
203,107,468,265,2016,134,7.3,79855,21.48,58
204,12,322,428,2008,126,7.9,737719,318.3,79
205,10,527,466,2016,120,5.7,70504,66,33
206,12,418,222,2011,132,7.8,550011,146.41,65
207,165,348,180,2016,99,7.5,5435,0.51,81
208,119,295,7,2016,118,7.5,26089,2.14,90
209,135,484,299,2011,125,6.8,227912,169.08,75
210,169,116,184,2016,111,6.7,23713,34.3,67
211,6,77,130,2015,114,6.1,161396,155.18,43
212,150,239,506,2012,94,5.3,114290,14.12,63
213,12,424,469,2007,144,7.1,531112,318.76,61
214,37,577,266,2013,104,5.8,54679,177,49
215,8,11,92,2013,112,7,443584,206.36,54
216,8,17,68,2016,126,5.5,73568,31.14,25
217,12,46,91,2014,136,7.8,542362,259.75,70
218,4,101,325,2016,104,5.7,7044,33.04,41
219,165,383,341,2016,100,6.1,1703,124.87,67
220,17,418,4,2010,117,7.7,456749,48.04,66
221,12,248,468,2015,96,6.7,61098,9.24,51
222,90,313,398,2006,117,7.1,283445,244.05,73
223,192,151,335,2014,100,6.9,136399,14.67,83
224,145,142,113,2011,158,7.8,348551,102.52,71
225,110,510,235,2013,110,7,334867,150.37,44
226,150,30,457,2016,163,7,19660,0.66,79
227,119,642,102,2015,119,7.1,121313,8.7,82
228,12,465,12,2010,107,6.4,179450,52,51
229,7,528,33,2014,97,7,268877,241.41,56
230,195,589,393,2016,102,4.8,2382,0.15,35
231,161,234,206,2006,118,8.2,498879,37.62,98
232,146,38,400,2016,95,5.2,3305,0,50
233,6,422,188,2006,139,7.8,247926,50.86,68
234,13,108,495,2015,131,7.4,257472,195,75
235,6,92,92,2016,114,6.1,66766,47.95,35
236,177,579,318,2012,102,8,377336,17.74,67
237,103,474,380,2016,100,6.8,41446,13.96,81
238,169,122,279,2016,85,3.9,4895,2.41,31
239,63,631,415,2014,99,8.1,530881,59.07,88
240,11,34,453,2013,125,5.9,96852,26.62,35
241,42,137,64,2014,134,7.6,332234,85.71,64
242,90,491,27,2015,95,8.2,416689,356.45,94
243,90,54,328,2016,90,5.8,1109,9.4,48
244,12,11,48,2015,126,6.5,205365,89.73,38
245,81,96,318,2010,118,5.9,148949,88.76,47
246,172,616,201,2012,158,7.6,257426,148.78,63
247,182,23,271,2006,109,7.9,382910,35.29,84
248,113,445,40,2016,119,7.4,14708,5.66,83
249,18,484,353,2015,119,7.1,188017,110.82,75
250,99,471,174,2011,112,8.6,557965,13.18,57
251,119,176,125,2016,92,4.9,178,0.32,50
252,184,642,98,2009,94,7.3,50946,0.11,73
253,103,188,394,2015,147,7.9,139831,161.03,72
254,12,397,30,2014,142,6.7,342183,202.85,53
255,194,272,400,2013,112,7.5,330305,137.39,68
256,109,612,523,2009,100,7.8,611563,277.31,73
257,12,494,15,2012,131,5.8,210349,65.17,41
258,39,540,220,2011,105,7.6,422290,176.74,68
259,191,141,487,2016,81,6.4,69823,67.24,58
260,184,338,424,2016,118,7.1,664,2.27,76
261,119,14,361,2014,119,7.8,440299,42.34,88
262,184,135,380,2010,108,8,581518,106.95,79
263,113,355,504,2014,108,6.2,21715,4.4,79
264,150,374,88,2013,117,7,90556,0.79,64
265,4,136,350,2016,112,6,59312,0.54,40
266,169,177,286,2015,99,4.9,53441,0.03,53
267,109,129,427,2016,102,6,75137,35.54,18
268,181,620,496,2012,172,7.5,298651,27.1,55
269,12,214,201,2009,107,6.7,388447,179.88,40
270,191,288,455,2016,85,3.7,2384,158.8,56.6302727072432
271,13,545,113,2012,143,7.8,547386,304.36,81
272,82,496,345,2012,169,7.9,668651,303,58
273,18,500,264,2012,110,7.2,432046,138.45,69
274,117,306,169,2016,106,8,52144,3.23,79
275,90,181,144,2016,89,6.8,4729,423.03,57.4669312327225
276,10,340,495,2013,124,7,410125,89.02,54
277,18,500,84,2014,112,7.1,280110,191.62,71
278,142,142,215,2007,157,7.7,329683,33.05,78
279,109,516,61,2016,117,7,36312,3.37,83
280,12,565,428,2013,130,7.2,591023,408.99,62
281,148,386,244,2013,115,7.3,492324,117.7,50
282,5,236,428,2009,128,7.6,501769,209.02,57
283,206,507,300,2007,113,7.1,220236,0.79,41.8641844864466
284,105,616,135,2015,119,7,110773,12.71,66
285,2,79,130,2014,98,6,122838,72.66,47
286,43,643,152,2011,110,6.1,204874,36.38,33
287,17,229,523,2016,105,5.8,30405,14.9,34
288,12,372,84,2015,127,5.3,150121,47.38,40
289,18,277,523,2016,95,5.8,26508,17.36,47
290,206,259,432,2016,99,6.1,726,23.05,31.8376922986499
291,36,548,521,2016,118,7.5,58782,2.13,72
292,133,279,37,2012,112,7.2,226631,65,66
293,109,460,465,2016,92,5.7,76327,55.29,58
294,150,145,316,2016,107,7.7,96,153.63,93.6883086076776
295,8,643,197,2013,143,7.1,577010,291.02,55
296,177,537,58,2016,111,6.6,20514,18.71,26
297,90,447,416,2016,94,5.7,34523,64.06,34
298,113,143,39,2006,109,6.8,302268,124.73,62
299,100,76,74,2016,127,7.1,43929,15.43,66
300,162,487,114,2007,158,8.1,400682,40.22,92
301,32,47,123,2014,132,7.2,249425,101.53,57
302,16,494,344,2013,121,7.5,218996,125.07,60
303,191,171,297,2012,95,7,295554,42.04,72
304,135,202,35,2008,97,5.5,67033,48.24,55
305,135,294,236,2010,104,6.4,105619,31.58,46
306,111,487,250,2014,148,6.7,69509,8.09,81
307,81,261,356,2016,113,6.2,57207,77.04,34
308,146,208,148,2016,110,5.5,403,70.24,30.9709270470397
309,32,354,324,2006,104,6,193479,62.49,45
310,135,104,108,2016,110,6.1,59886,46.81,51
311,106,314,410,2009,129,7.7,237221,255.95,53
312,177,2,308,2013,180,7.8,103150,2.2,88
313,165,290,161,2014,93,6.8,132580,0.92,86
314,82,496,202,2014,144,7.4,385598,255.11,59
315,81,156,115,2007,138,7.5,385325,292,71
316,39,74,91,2013,126,7,199048,4.56,84
317,12,250,90,2016,112,5.2,73093,34.91,33
318,47,125,104,2016,81,5.3,1263,24.09,21.6699224541772
319,131,392,395,2015,94,6.2,81429,65.07,55
320,32,354,509,2011,131,7.3,300803,209.81,66
321,144,44,84,2006,104,6.5,95960,65.27,48
322,150,574,425,2016,84,6.4,616,0.01,74
323,32,236,187,2008,114,7.3,203096,5.69,53
324,55,34,275,2011,109,6.7,319025,37.55,53
325,101,142,244,2010,120,7.7,510100,96.92,95
326,8,78,509,2015,106,6,71149,27.36,34
327,168,486,115,2015,110,6,37975,5.77,36
328,99,531,327,2016,103,7.4,12643,0.04,54
329,147,292,43,2015,95,7,62885,3.22,79
330,145,432,92,2015,133,5.4,43085,7.1,51
331,90,460,32,2016,87,6.9,34248,72.66,56
332,16,113,65,2014,133,7.3,353305,350.12,72
333,101,283,348,2013,117,8,352801,27.3,84
334,103,591,114,2012,150,7.4,207497,182.2,86
335,16,536,112,2013,123,8.1,339722,26.9,75
336,155,443,280,2016,97,6.1,18201,222.49,54.9922290035537
337,119,149,65,2012,122,7.8,564364,132.09,81
338,183,22,17,2016,88,5.9,115,37.43,64
339,177,341,466,2014,126,7.8,271301,124.87,69
340,135,199,9,2014,117,6.5,93764,46.28,31
341,32,354,509,2009,107,6.6,217464,155.02,46
342,27,511,265,2012,119,7.4,452369,66.47,84
343,41,532,84,2013,131,6.4,173320,73.1,52
344,81,146,75,2016,102,6.8,36322,76.2,71
345,2,546,494,2007,139,6.2,406219,336.53,59
346,11,489,318,2011,110,5.8,92329,20.32,35
347,81,418,85,2007,127,7.7,220664,38.35,66
348,140,149,96,2013,138,7.3,379088,150.12,90
349,128,357,350,2009,102,5.1,96617,16.2,47
350,127,639,398,2011,94,7.7,320323,56.82,81
351,150,638,172,2016,89,7.3,1396,32.36,83
352,150,149,241,2015,124,6.6,97679,56.44,56
353,113,298,283,2015,119,7.1,33352,2.02,47
354,119,639,244,2016,96,6.7,45579,11.08,64
355,87,527,466,2015,119,6.3,171970,130,42
356,8,561,52,2014,102,5.5,59958,17.18,30
357,113,246,396,2016,118,7.4,5496,8.81,41.9361402744599
358,105,269,135,2014,123,7.7,299718,35.89,72
359,125,186,220,2013,107,6.6,327838,101.47,67
360,115,514,128,2013,123,7.8,221600,15.29,55
361,109,4,515,2008,98,6.9,223065,100.47,51
362,196,328,31,2014,100,5.7,14248,0.05,42
363,12,253,94,2013,132,7.8,417663,228.76,72
364,66,538,244,2009,88,7.7,409403,75.59,73
365,134,185,266,2016,106,6.3,89059,30,72
366,150,134,124,2008,120,8,677044,141.32,86
367,72,69,298,2012,115,5.5,194329,292.3,52
368,183,18,519,2016,117,6.9,286,14.67,20.6653693443535
369,2,397,30,2012,136,7,474320,262.03,66
370,6,610,208,2016,123,5.7,28326,26.38,38
371,39,252,212,2016,89,6,702,3.85,62
372,52,632,132,2014,113,6.8,335531,102.41,57
373,27,51,291,2016,113,6.3,38430,14.27,36
374,28,610,33,2008,110,6.7,312495,134.57,64
375,99,581,354,2016,111,6.9,31776,27.37,71
376,32,180,388,2016,99,5.7,7583,2.2,33
377,100,551,261,2015,123,6.9,135706,62.56,68
378,183,541,357,2015,133,7.6,175673,109.71,82
379,63,128,402,2016,97,7.1,61812,4.21,64
380,13,481,480,2014,126,6.1,137568,39.29,35
381,126,289,238,2014,86,7.6,84016,3.33,76
382,183,47,215,2015,124,7.4,169083,52.42,57
383,196,443,257,2016,81,6.6,45867,177,67
384,163,591,496,2015,142,7.6,217938,72.31,81
385,88,500,95,2014,100,7.8,266508,257.76,83
386,6,58,231,2015,121,7.1,154647,43.25,64
387,20,96,9,2015,105,5.6,101092,78.75,27
388,6,519,436,2010,140,6.7,221117,105.22,53
389,12,268,201,2013,126,6.7,355362,132.55,60
390,12,35,485,2012,132,6.6,220667,73.06,51
391,17,493,287,2016,100,6.3,31913,20.57,63
392,27,506,463,2015,115,5.8,31194,10.64,39
393,101,134,360,2015,122,7.2,116112,17.75,82
394,135,222,492,2016,98,5,102,40.17,43
395,109,160,9,2013,101,5.4,114482,133.67,19
396,159,377,62,2015,112,7.2,112288,42.48,51
397,12,386,138,2008,112,6.8,342355,134.52,61
398,109,495,510,2009,113,5.5,86417,109.18,23
399,138,602,471,2015,85,6,26587,13.3,31
400,113,590,84,2012,110,6.1,113686,113.71,72
401,88,370,451,2015,91,6.4,159830,336.03,56
402,191,533,381,2016,91,3.9,240,7.76,71
403,15,462,497,2008,92,7.1,93972,0.1,101.176379706437
404,90,505,476,2010,95,7.7,410607,251.5,72
405,177,430,221,2014,118,6.7,49041,26.76,29
406,175,357,319,2015,100,6.7,40529,0.23,74
407,163,358,246,2012,157,7.4,226661,95.72,95
408,90,454,337,2010,100,7.8,316459,200.81,71
409,12,196,241,2015,137,6.6,202380,281.67,65
410,62,309,133,2015,99,6.1,74589,58.88,34
411,56,506,314,2008,93,7.8,502961,145,50
412,132,178,37,2015,115,6.5,108306,183.44,63
413,90,130,59,2013,104,7.3,252119,268.49,65
414,146,488,205,2016,130,7.2,35417,3.22,89
415,5,161,234,2016,98,5.6,48161,21.2,38
416,116,366,274,2014,102,5.4,34546,1.82,55
417,150,408,22,2016,108,6.9,164,317.01,85
418,173,302,288,2007,123,7.8,202890,50.92,61.8698787661055
419,81,156,115,2010,146,7.7,357213,294.98,65
420,150,584,360,2011,101,7.2,155010,4,72
421,41,302,453,2011,111,6.8,164208,40.25,65
422,150,152,305,2007,88,5.7,8914,0.04,35
423,49,85,316,2016,108,5.8,35003,10.91,45
424,34,467,478,2014,102,6.2,237887,106.37,48
425,27,57,187,2016,99,5.9,100702,62.4,28
426,159,142,64,2008,166,7.8,485075,127.49,70
427,32,201,367,2014,102,6.5,122185,13.75,46
428,53,485,346,2007,115,8.1,525700,227.14,85
429,194,578,474,2010,104,5.2,43648,1.87,55
430,50,263,175,2016,109,6,54216,79,49.7650146175027
431,113,509,1,2009,170,8.4,238789,6.52,67
432,109,64,54,2016,102,4.7,48297,28.84,34
433,9,396,64,2013,116,7,494819,202.35,63
434,13,75,495,2011,132,7.4,382459,209.36,73
435,27,117,338,2016,102,6.4,223,31.45,56
436,111,327,222,2013,97,7.1,81301,0.03,55.1682129081392
437,177,220,460,2015,123,7.1,58421,37.43,33
438,184,251,378,2012,114,7.6,156189,19,73
439,18,287,4,2013,103,6.6,214825,28.75,41
440,109,285,13,2016,88,5.6,220,0.09,63
441,81,546,220,2013,130,6.3,181521,234.9,44
442,177,307,453,2015,117,7.5,94977,38.32,87
443,96,241,107,2009,100,7.7,156620,75.28,80
444,177,163,439,2010,112,7.4,151409,9.7,81
445,206,431,320,2016,81,6,4531,117.53,31
446,85,105,413,2006,125,6.6,184152,46.98,46.5644522485688
447,54,492,278,2012,95,7.1,213764,13.4,59
448,63,594,446,2016,101,7.9,52331,5.2,81
449,88,167,440,2014,102,7.8,309186,222.49,74
450,165,367,90,2013,100,5.9,113272,35.27,53
451,12,322,428,2010,124,7,556666,312.06,57
452,113,283,215,2015,101,7,58720,1.82,49
453,48,103,122,2009,108,6.8,126656,10.33,28
454,56,47,187,2013,119,6.5,214994,98.9,41
455,12,122,14,2011,109,6.1,202682,55.09,36
456,150,605,332,2012,115,8.3,192263,0.61,76
457,119,44,451,2009,108,6.7,241709,163.95,48
458,110,184,515,2015,100,6,95119,90.35,34
459,135,160,9,2011,117,6.4,182069,103.03,33
460,177,545,310,2008,119,7.3,159736,22.88,69
461,146,62,51,2010,125,7.6,294553,92.17,74
462,194,637,306,2016,97,6,51235,35.79,42
463,101,438,412,2016,109,6.6,8229,4.07,63
464,174,436,162,2014,97,7.5,187760,0.58,69
465,64,521,207,2015,103,6.3,57602,80.02,60
466,5,236,428,2011,129,7.5,357436,186.83,48
467,29,503,33,2010,100,6.4,255813,118.31,65
468,200,159,215,2013,91,6.9,111558,1.01,61
469,55,458,468,2009,112,8,556794,115.65,81
470,18,4,515,2010,107,6.7,199900,119.22,64
471,100,519,123,2007,157,7.8,337835,130.13,76
472,103,575,293,2006,123,6.4,83941,15.96,65
473,12,532,255,2009,158,5.8,297984,166.11,49
474,81,156,115,2009,153,7.5,351059,301.96,78
475,103,62,51,2012,120,7.7,481274,136.02,86
476,99,164,483,2016,106,7.4,56332,15.79,54
477,184,195,505,2006,137,8.5,278103,11.28,89
478,196,88,129,2016,94,5.7,8404,141.32,48
479,150,26,19,2016,96,8.3,61,206.36,71
480,186,353,360,2015,113,6.7,41642,28.77,71
481,119,460,296,2008,111,7.2,226619,62.88,67
482,178,503,68,2014,97,6.5,93799,45.09,47
483,27,311,81,2016,115,6.3,48400,12.63,52
484,113,476,190,2016,97,7.7,17584,5.2,43
485,88,112,235,2016,97,6.3,55781,107.51,66.8168213185338
486,63,631,226,2012,94,7.8,254446,45.51,84
487,114,5,260,2007,117,6.7,102954,118.82,81
488,179,375,270,2013,115,6.7,84765,71.35,34
489,111,224,516,2015,105,6.6,166489,53.85,56
490,93,75,63,2007,111,8,504039,206.44,96
491,168,296,104,2010,98,6.5,36091,0.02,66
492,6,12,123,2010,118,6.9,241359,94.82,53
493,50,415,368,2008,85,7,313803,80.03,64
494,31,182,136,2015,114,5.3,44553,28.77,34
495,168,330,458,2013,108,6.3,94707,2.61,78
496,168,196,516,2007,101,7.2,565721,256.39,65
497,4,60,516,2012,106,6.8,278379,179.02,58
498,199,253,144,2011,112,7.1,298913,126.98,72
499,146,188,187,2009,109,7.4,228339,73.34,34
500,90,491,137,2009,96,8.3,722203,292.98,88
501,55,632,132,2015,131,6.3,159364,81.69,43
502,177,611,82,2015,118,7.2,77995,0.25,95
503,146,133,115,2016,109,6.5,27428,87.24,68
504,117,477,358,2015,124,7.3,52636,2.7,64
505,159,255,227,2009,141,7.9,166872,259.75,63
506,146,492,426,2016,110,5.7,291,3.91,54
507,146,468,4,2012,131,6.5,107960,47.31,59
508,119,397,526,2009,95,7.7,398972,32.39,76
509,135,178,155,2013,94,4.3,83625,8.83,18
510,182,23,451,2013,91,7.8,622089,274.08,96
511,186,403,49,2008,94,7.8,144614,9.03,55
512,27,47,344,2007,124,7.2,267820,46.98,53
513,205,392,344,2008,91,5,170897,64.51,34
514,74,543,300,2015,132,7.1,47289,66.01,72
515,117,232,84,2015,115,5.7,42506,1.91,60
516,119,635,155,2010,92,7.1,294950,58.4,72
517,6,519,96,2014,150,6,137299,65.01,52
518,27,458,468,2015,120,6.9,188769,31.57,41
519,82,496,202,2013,161,7.9,513744,258.36,66
520,177,71,89,2013,111,6.2,1356,0.05,51
521,108,558,223,2016,120,7.2,24100,2.96,59
522,146,519,360,2013,117,5.3,84927,16.97,48
523,35,36,42,2016,133,4.7,1830,23.05,57
524,99,224,493,2016,112,6.6,36156,89.25,70.3153658528343
525,146,153,101,2010,106,7,36043,0.06,60
526,16,219,60,2016,103,3.9,552,93.05,61
527,39,458,346,2013,109,6.6,358932,19.64,62.206286647023
528,84,177,321,2013,100,5.4,26461,7.19,38
529,12,205,4,2014,123,6.4,318058,200.66,62
530,10,622,243,2012,135,6.7,245374,113.17,61
531,119,519,436,2006,117,6.9,74674,7.46,47
532,196,572,23,2016,92,5.4,12758,64.03,59
533,55,623,123,2006,126,7,253858,7.7,59.359368434461
534,55,387,458,2014,89,6.4,352698,126.55,61
535,101,598,105,2016,125,7.2,1024,1.08,77
536,27,556,2,2014,132,6.5,143389,43.57,39
537,29,108,495,2012,130,7,250811,58.68,50
538,4,585,9,2016,108,5.7,24761,0.54,22
539,146,21,247,2016,92,7.3,198,3.49,43
540,140,187,166,2016,108,6.1,7115,5.01,58.1829499363327
541,200,534,166,2010,128,7.2,137964,15.52,77
542,199,456,65,2011,105,7.4,444417,79.24,59
543,52,459,219,2016,107,6.3,27042,0.78,39
544,177,515,199,2007,126,7.1,177247,53.68,78.7566144899225
545,184,449,400,2015,103,5.7,4912,352.36,39
546,174,286,364,2016,112,6.7,54787,3.71,76
547,113,441,287,2016,92,6.8,10485,4.42,83
548,81,607,356,2010,108,6.5,324898,334.19,53
549,106,501,140,2016,98,6.8,391,0.11,68
550,150,362,120,2016,100,7.9,22941,191.45,77
551,119,498,239,2006,106,5.8,106381,118.68,45
552,105,286,437,2016,123,7.1,17141,7.7,79
553,12,343,370,2015,100,4.3,121847,56.11,27
554,182,580,355,2015,104,6.3,9187,124.87,80
555,179,194,157,2015,106,7.1,30074,363.02,33
556,200,520,242,2015,91,4.6,30180,35.39,30
557,200,303,229,2015,108,7.1,96688,43.77,77
558,34,210,326,2014,92,6.3,148504,55.94,40
559,3,536,92,2015,122,6.9,90372,24.99,47
560,68,444,328,2006,84,6.6,115355,0.44,66
561,13,593,480,2010,103,6.5,283282,102.98,45
562,188,191,225,2013,91,6.5,133113,54.24,57
563,192,552,162,2012,110,6.8,171169,48.06,53
564,90,513,254,2012,101,7.8,290559,189.41,72
565,6,539,298,2012,127,6.1,239772,155.11,57
566,81,302,311,2015,111,5.8,47804,34.96,36
567,12,424,469,2011,154,6.3,338369,352.36,42
568,113,280,146,2007,96,7.5,432461,143.49,81
569,113,620,496,2016,98,6.1,26521,4.2,58
570,146,299,186,2016,98,6.5,68654,41.01,55
571,135,461,79,2014,109,6,110825,83.91,39
572,93,365,26,2007,107,7.1,150353,127.71,75
573,113,452,427,2015,121,7.1,159582,75.27,51
574,113,329,476,2006,101,7.8,374044,59.89,80
575,106,67,370,2016,117,6.8,11900,4.85,62
576,8,386,448,2010,106,5.8,238206,163.19,39
577,35,120,94,2016,117,6.8,44425,27.55,58
578,12,340,237,2010,125,6.8,273959,172.05,49
579,10,196,241,2013,146,7.6,525646,424.65,76
580,145,33,439,2010,101,6.3,44158,0.58,57
581,1,320,119,2016,90,4.9,6809,131.56,37
582,7,392,392,2010,103,4.2,125129,100.19,20
583,135,256,233,2014,94,5.1,89885,38.54,36
584,119,368,79,2012,110,5.7,60059,41.1,41
585,106,68,64,2011,133,7.6,297395,75.61,87
586,45,406,390,2007,114,5.2,190673,115.8,35
587,106,41,209,2014,137,7.2,114006,115.6,59
588,34,595,197,2011,110,6,142900,83.5,46
589,87,134,99,2007,107,7.3,199860,3.68,64
590,90,402,289,2012,93,7.2,293941,237.28,69
591,175,463,362,2009,152,7.8,182074,10.1,76
592,177,45,378,2013,112,6.2,25208,0.32,37
593,145,434,497,2014,106,7.1,116118,10.72,69
594,136,37,24,2006,105,6.4,122864,2.34,45
595,121,557,515,2015,96,6.1,68306,150.32,42
596,167,415,295,2010,116,7.2,97141,12.13,79
597,40,287,462,2008,110,6.6,84083,24.85,39
598,4,386,443,2016,83,6.2,63408,6.86,44
599,174,172,447,2009,97,7.9,277123,5.01,67
600,89,618,515,2010,95,7.3,183926,148.34,63
601,27,538,463,2013,113,6.7,181432,46,40
602,27,282,351,2016,88,6.4,40357,93.95,66
603,119,361,239,2009,129,6.4,137684,18.7,47
604,88,15,207,2016,95,7.2,89791,143.52,66
605,140,644,347,2015,110,5.1,1630,6.53,90
606,150,305,171,2016,95,7.4,338,46,87.8856226657503
607,150,158,241,2010,100,7.2,116435,81.56,70.4206008812863
608,110,562,229,2011,98,6.9,368556,117.53,57
609,150,640,38,2014,139,8.1,33560,3.49,74
610,8,234,433,2008,120,7,216932,75.75,78
611,159,515,20,2013,124,6.2,71822,19.45,52
612,113,400,452,2016,162,7.6,24387,1.48,93
613,160,496,412,2009,135,6.7,130702,43.98,42
614,100,32,64,2007,160,7.5,143564,3.9,68
615,119,339,265,2013,90,6.6,199973,24.48,66
616,27,274,204,2016,92,6.3,21089,0.04,48
617,204,304,405,2016,101,4,277,20.76,53
618,16,209,348,2016,139,6.9,29895,1.74,47.2816932568952
619,24,475,37,2015,95,6.3,30053,0.03,52
620,63,64,54,2013,114,7.3,249877,58.23,54
621,111,518,467,2015,103,7.3,66400,17.47,72
622,44,395,279,2012,88,6.4,127157,62.32,39
623,165,374,517,2009,108,6.6,94069,0.4,49
624,191,399,228,2009,97,5.6,78631,65,34
625,56,470,314,2014,109,6,144715,89.25,26
626,10,379,102,2012,118,6.3,210965,58.88,43
627,8,79,399,2006,104,6.7,406540,234.36,58
628,119,636,329,2016,88,6,7181,36.84,46
629,145,118,286,2016,93,6.1,10700,23.22,52.5967322764469
630,64,568,54,2014,98,6.2,74886,113.73,47
631,119,175,215,2010,112,6.7,151519,32.36,55
632,109,186,220,2014,112,6.6,261536,6.11,52
633,116,74,276,2006,120,7,73491,2.2,85
634,169,427,25,2011,85,4.9,6683,176.59,94
635,91,35,53,2008,98,8.4,776897,223.81,72.4292664620859
636,135,347,465,2007,129,7,309398,148.73,85
637,197,172,215,2011,93,7.5,404884,54.7,74
638,140,311,497,2012,116,7.3,195360,37.4,58
639,167,382,195,2014,83,5.6,50402,31.54,59
640,109,323,230,2012,113,6.7,178471,56.72,49
641,101,204,516,2006,117,8,361105,162.59,64
642,120,123,117,2014,122,8.1,110100,3.08,77
643,139,199,9,2015,119,4.8,31149,424.65,18
644,164,197,408,2016,113,7.5,4304,0.86,73
645,168,240,472,2016,85,5.5,3564,167.74,72
646,150,113,100,2008,116,8.2,595779,148.09,53.8174349982047
647,113,321,65,2015,101,6.6,76469,13.65,42
648,189,331,109,2016,133,3.2,173,0.2,57
649,177,349,152,2011,101,5.3,27006,0.03,39.6657543852519
650,21,407,525,2014,104,5.6,44111,7.79,30
651,166,607,261,2007,116,7.4,296289,52.88,83
652,145,7,41,2015,101,6.4,36300,12.28,36
653,194,272,400,2010,103,6.8,219916,53.99,52
654,132,10,32,2016,87,6.7,30875,9.39,68
655,150,245,147,2016,83,6.4,482,325.02,82
656,100,432,96,2009,140,7,240323,97.03,70
657,150,516,143,2014,165,7.9,286722,25.36,100
658,4,334,350,2014,101,5.9,178527,190.87,31
659,145,139,378,2007,100,7.7,198006,17.11,82
660,150,571,185,2015,96,6.7,2798,0.03,62
661,18,144,465,2008,111,7,267872,87.34,64
662,119,324,132,2012,95,6.9,54027,0.02,55
663,145,62,374,2007,114,7.7,206707,20.3,72
664,18,484,451,2013,117,6.6,140151,159.58,60
665,150,423,205,2016,102,7.1,5796,0.28,88
666,177,302,288,2012,129,6.6,75291,12.8,63
667,145,13,162,2015,106,5.7,26320,0.05,32
668,67,563,344,2015,115,6.3,136323,81.26,48
669,111,424,344,2013,129,6.5,168875,49.87,45
670,77,175,310,2006,143,8,422014,57.37,64
671,100,55,103,2013,114,6.1,15514,209.36,42
672,146,132,497,2015,137,6.5,47703,1.21,41
673,163,358,243,2008,131,7.6,352023,15.7,94
674,12,409,441,2011,114,5.6,231907,116.59,39
675,17,317,15,2016,98,5.9,9285,4.4,50
676,191,200,489,2007,126,7.2,233346,25.59,58
677,29,440,480,2013,115,6.7,188004,25.12,49
678,135,104,315,2014,102,7.2,80415,0.01,44
679,109,50,333,2015,101,6.5,57874,34.02,56
680,41,284,76,2016,140,7.2,2403,0.54,78
681,12,196,241,2014,123,6.7,331902,337.1,64
682,175,391,491,2011,112,7.5,104953,1.74,68
683,119,634,279,2016,90,6.5,16164,14.01,87
684,44,238,315,2013,130,5.9,112313,31.17,33
685,177,204,516,2008,123,7.7,245144,69.95,36
686,101,616,103,2010,118,8,534388,138.8,88
687,101,584,477,2008,96,7.6,54486,0.15,82
688,12,169,194,2008,88,6.1,252503,80.17,35
689,90,378,496,2010,103,8.3,586669,414.98,92
690,175,621,182,2011,122,7.1,157053,24.1,85
691,50,489,371,2012,96,5.4,114144,42.35,39
692,177,213,18,2016,151,7.8,23540,1.4,56
693,101,428,103,2016,104,6.5,10708,1.36,42.1801390216295
694,6,489,294,2014,105,5.5,90188,23.22,39
695,72,40,479,2012,127,7.9,471109,124.98,79
696,151,375,424,2009,93,8.1,177602,155.18,61
697,119,276,84,2011,100,6.1,19636,0.2,63.4085473081291
698,178,442,363,2014,106,7.3,86271,0.33,57
699,13,379,73,2007,128,7.2,347567,134.52,69
700,135,87,514,2016,94,5.5,1427,34.96,44
701,143,429,378,2007,111,6.5,73835,1.29,93.2966076429361
702,125,563,344,2012,106,7,494641,218.63,62
703,18,527,73,2010,111,7.1,250012,90.36,60
704,75,61,391,2008,165,6.6,106115,49.55,53
705,27,220,130,2010,98,6.5,83788,23.23,44
706,147,398,269,2016,87,5.8,4754,58.4,60
707,203,219,346,2011,106,7.1,208632,62.45,39.5804714143588
708,119,312,468,2016,88,6.5,5908,1.02,53
709,140,140,428,2014,141,7.4,146812,47.11,48
710,145,307,159,2013,96,6.2,18437,5.73,50
711,12,424,469,2009,150,6,335757,402.08,35
712,97,426,158,2016,80,7.6,11482,0.92,86
713,90,336,126,2014,95,7.3,50388,50.15,67
714,176,159,323,2010,131,8.2,92863,6.86,80
715,135,73,54,2007,116,5.8,74664,36.77,46
716,93,218,139,2006,108,6.5,141141,197.99,77
717,109,168,10,2015,104,6.6,64557,32.36,38
718,194,83,461,2008,86,6.2,96718,52.53,47
719,6,135,436,2014,138,5.8,209700,101.16,68
720,109,460,465,2014,97,6.4,236500,150.06,68
721,150,374,88,2013,123,6.7,65824,0.33,60
722,61,283,419,2014,115,7.1,95553,37.88,76
723,109,160,9,2010,102,6,190385,162,30
724,196,6,218,2016,89,5.1,26088,20.75,47
725,33,238,210,2010,140,6.2,127983,176.59,61
726,126,607,261,2012,113,6.2,209326,79.71,55
727,135,635,369,2011,109,6.6,286543,55.8,63
728,173,456,138,2006,110,7.6,309934,39.83,68
729,4,300,314,2010,117,6.8,219116,77.21,47
730,206,6,110,2014,100,6.7,71069,0.32,76
731,109,568,510,2013,119,6.3,166342,44.67,42
732,68,229,471,2011,104,7,201707,37.37,57
733,115,569,245,2016,100,6.9,688,0.32,51
734,200,536,496,2006,149,6.6,338280,217.54,46
735,113,82,134,2016,104,7.7,16163,0.69,37
736,71,412,49,2011,126,7.5,259182,73.82,83
737,196,473,154,2015,93,5.6,4155,0.02,68
738,38,519,310,2008,128,7.1,182305,39.38,57
739,177,599,96,2015,118,5.7,17439,0.56,53
740,8,520,67,2008,112,5.2,124554,102.18,31
741,109,63,353,2016,99,5.4,29642,63.03,40
742,16,332,136,2016,111,6.6,8998,4.71,54
743,173,346,423,2009,129,8.2,144524,20.17,80
744,79,185,237,2010,110,7.6,254904,171.03,80
745,171,420,522,2015,96,6.2,25903,3.59,46
746,137,563,464,2014,116,6.1,144779,42.62,44
747,206,100,70,2016,86,4.6,313,113.73,60
748,119,629,315,2016,127,5.7,3731,3.65,44.2630983777751
749,196,443,142,2016,99,6.1,30035,34.9,65
750,81,606,318,2013,106,5.9,91684,68.56,39
751,145,231,41,2007,113,7.2,148943,39,68
752,192,443,277,2013,104,6.5,92875,27.69,61
753,111,411,102,2008,107,7.9,322536,7.76,67
754,24,421,419,2012,103,6.3,154400,54.76,31
755,103,193,484,2016,106,5,353,12.79,64
756,70,311,508,2009,111,7.3,187302,0.06,56.022333941917
757,184,173,5,2016,92,5.2,2083,0.29,46
758,150,260,303,2016,87,6.6,256,304.36,36
759,8,399,232,2011,113,5.2,84893,21.27,76.126738012452
760,16,149,344,2010,116,7.8,290056,93.57,79
761,170,369,176,2007,114,7.5,91229,31.66,38
762,113,322,263,2014,114,7.3,151970,31.24,68
763,185,214,196,2015,102,7.3,57826,18.7,73
764,53,122,469,2008,118,6.6,156158,101.11,43
765,195,263,162,2013,85,5.7,154588,64.42,41
766,119,509,1,2014,153,8.2,103279,10.57,51
767,54,214,193,2013,114,6.7,194236,61.66,53.9089207218262
768,8,591,193,2008,122,6.2,351361,317.01,65
769,173,257,379,2015,109,6.3,72515,31.99,56
770,150,65,498,2015,119,5.7,25928,0.34,65
771,13,396,113,2008,106,6.6,347798,168.37,58
772,32,628,470,2016,95,4.5,2043,168.37,34
773,88,157,236,2010,98,8.1,523893,217.39,74
774,158,392,403,2006,110,5.6,82701,42.27,36
775,181,135,201,2006,96,7.3,199193,10.14,51
776,90,313,398,2011,106,6.2,110490,191.45,57
777,196,523,336,2016,102,5.1,10871,0.78,35
778,56,625,6,2015,90,4.7,9026,169.71,56
779,109,243,330,2016,90,4.8,499,127.38,88.9208829505425
780,101,414,124,2015,108,7.2,29912,3.86,86.0725678462955
781,53,281,314,2011,113,6.9,218679,61.09,56
782,52,595,441,2015,117,6.5,67196,12.28,34
783,146,81,291,2007,120,7.3,128146,28.48,45
784,135,3,78,2016,82,6.5,1031,55.29,77
785,119,97,91,2014,95,6.9,31370,0.04,31
786,107,485,496,2013,134,7.8,346154,107.1,83
787,150,297,434,2016,108,6.8,378,25.56,37
788,7,592,56,2016,92,4.6,11555,3.77,22
789,93,217,9,2015,89,6.7,69157,169.69,44
790,27,494,516,2008,92,6.4,366138,227.95,49
791,109,279,27,2015,118,6,50241,87.03,58
792,112,387,427,2013,111,6.3,92868,36.92,42
793,135,366,465,2008,101,6.6,154936,31.45,56
794,92,111,183,2016,66,7.8,4370,0.29,85
795,32,52,448,2012,102,6.6,129252,18.6,40
796,135,249,380,2011,108,6.2,178243,70.63,50
797,61,630,96,2006,120,7.3,87887,5.48,77
798,90,505,476,2013,98,7.4,304837,368.05,62
799,145,553,314,2014,114,6.5,93883,25.98,57
800,25,174,471,2013,109,7,199813,26,81
801,126,366,317,2016,88,4.3,7091,0.01,23
802,110,411,102,2012,110,7.2,196652,14.99,66
803,88,529,417,2007,115,6.2,146566,82.16,59
804,41,363,94,2014,105,6.2,103681,50.55,57
805,188,440,255,2007,104,6.8,221073,71.98,64
806,146,540,344,2014,111,6,52537,33.63,55
807,8,446,215,2010,116,6.6,233148,90.76,50
808,119,270,370,2013,95,7.1,115751,6.85,82
809,105,27,121,2016,111,6.8,4771,3.9,65
810,35,401,390,2016,128,5.2,4964,56.11,30
811,4,198,377,2015,93,6.7,19309,0.05,60
812,196,31,246,2013,100,6.2,142560,71.59,57
813,194,281,507,2009,123,7,153448,41.57,42
814,135,639,520,2012,112,6.3,72050,16.68,54
815,90,631,186,2009,87,7.8,149779,21,83
816,145,577,123,2006,129,7.6,285441,88.5,76
817,145,318,407,2016,95,5.4,8755,36.38,27
818,61,134,220,2010,94,7.6,294010,18.33,82
819,194,319,513,2014,99,5.4,91106,84.26,37
820,196,319,285,2016,73,4.6,564,52.42,63
821,180,549,366,2014,107,6.9,13711,176.59,115.702298498344
822,83,601,97,2009,123,6.8,130153,7.69,65
823,12,583,122,2009,118,5.8,180105,150.17,32
824,101,48,418,2016,119,7,5855,0.3,72
825,184,165,469,2015,90,5.8,4779,35.79,27
826,196,499,365,2016,88,5.3,1427,24.99,25
827,169,190,378,2016,91,4.6,5715,6.88,64.4028883576295
828,8,419,340,2016,108,5.3,1391,115.8,77
829,51,526,300,2007,191,7.6,160350,25.03,52.0359743754714
830,109,278,80,2008,87,1.9,77207,14.17,15
831,183,593,480,2006,102,7.2,171356,70.27,63
832,121,138,524,2012,94,6.4,16917,49,54
833,177,90,356,2011,120,7.4,67464,11.23,76
834,4,39,348,2008,112,5.7,62719,70.22,29
835,109,373,443,2012,83,6.4,225394,59.62,58
836,198,183,278,2014,108,6.3,38804,5.98,24
837,140,121,11,2016,128,7.5,5531,0.13,84
838,17,160,9,2008,113,5.5,163144,100.02,54
839,145,216,29,2016,102,4.2,8409,10.1,23
840,105,8,162,2016,115,7.8,346,281.67,60
841,110,557,229,2014,108,6.3,125190,54.41,40
842,184,388,491,2015,125,6.4,15232,1.98,74
843,150,374,293,2011,135,7.1,137117,3.03,80
844,90,535,34,2009,97,7.1,95480,104.37,73
845,56,623,123,2010,98,6.8,157499,81.56,69
846,184,529,123,2012,138,7.3,276347,93.75,76
847,90,608,248,2015,94,6.7,77447,177.34,55
848,145,223,185,2013,131,7.8,77986,0.09,49
849,206,455,473,2016,108,6.3,1066,124.87,64
850,106,80,83,2013,128,7.5,69659,95,62
851,146,525,249,2008,123,6.8,198395,81.16,48
852,170,306,288,2013,104,7.4,111875,16.17,62
853,146,551,96,2013,116,6.8,88829,11.33,63
854,177,639,418,2008,96,7.1,208770,23.21,70
855,88,405,207,2008,92,7.6,329788,215.4,73
856,113,394,203,2016,111,5.9,9993,54.01,67
857,6,421,96,2009,115,6.6,297093,125.32,49
858,100,515,199,2007,123,7.5,55648,36.58,64
859,191,20,486,2006,107,6.4,136642,41.78,52
860,104,113,33,2008,141,7.8,206793,35.71,63
861,177,25,430,2010,113,7.2,119376,19.06,40
862,95,453,373,2016,129,8.4,2421,163.19,80
863,121,439,476,2014,81,6.2,32310,66.95,54
864,150,586,497,2013,85,7.1,100890,1.36,81
865,200,20,223,2016,108,6.3,6175,64.51,41
866,155,20,115,2013,120,6.5,61060,0.16,46
867,177,271,318,2016,110,6.9,7402,3.4,78
868,103,371,167,2015,122,6.9,20907,0.64,67
869,121,138,524,2011,99,6.6,20194,52.69,51
870,13,253,495,2006,126,6.9,270429,133.38,66
871,113,237,431,2015,116,7.7,21569,3.36,70
872,8,275,273,2009,85,2.7,59512,9.35,45
873,56,126,92,2012,93,5.4,64584,44.8,31
874,177,385,39,2011,107,7,113599,13.77,48
875,119,226,284,2010,114,6.6,101301,53.36,39
876,168,345,243,2007,100,7,221858,28.64,78
877,129,333,388,2013,98,6.9,193579,66.36,59
878,150,639,82,2013,98,7.3,160592,33.4,78
879,12,326,130,2013,110,5.8,152145,122.51,41
880,8,334,448,2012,99,5.8,159230,83.64,37
881,6,242,200,2016,120,6.9,8365,1.91,68
882,99,314,156,2013,125,7.5,125693,83.3,65
883,173,626,261,2014,119,6.3,184564,23.01,42
884,90,89,244,2011,96,6.9,173919,143.62,63
885,178,170,388,2015,101,6.1,16361,0.03,43
886,150,14,64,2006,143,7.5,253417,34.3,69
887,154,599,64,2011,139,6.8,143517,13.3,85
888,177,554,522,2012,101,6.5,82874,60.44,39
889,131,20,141,2010,88,5.5,75262,25,53
890,119,333,265,2011,100,7.7,281625,34.96,72
891,140,192,131,2016,104,3.5,202,234.02,59
892,135,347,404,2012,134,6.2,108156,67.52,105.456122662107
893,33,568,201,2011,127,7.1,264480,85.46,56
894,119,433,456,2008,145,5.5,102547,152.64,53
895,57,593,480,2008,92,7.1,187077,42.72,46
896,22,526,435,2007,105,7.1,174553,56.72,55
897,106,497,516,2015,123,7.1,61274,34.53,58.9042707964241
898,63,595,309,2006,117,7.9,93036,2.28,64
899,135,525,284,2009,96,6.5,172558,88.92,28
900,135,211,281,2009,89,5.5,83976,58.72,24
901,119,381,235,2015,101,6.5,27730,0.81,64
902,5,150,450,2006,105,5.6,118905,34.01,58
903,135,425,115,2013,98,6.8,55243,3.45,59
904,88,157,236,2014,102,7.9,237565,177,76
905,30,337,253,2014,117,6.2,190833,58.61,52
906,150,264,379,2016,110,6.2,1455,17.47,43
907,119,435,444,2015,95,6.7,12361,14.44,63
908,149,590,186,2007,122,6.9,269581,117.14,62
909,130,266,383,2006,95,6.5,64351,7.77,69
910,184,590,346,2011,106,6.6,187004,75.64,70
911,155,417,445,2015,133,6.4,17565,0.08,72
912,206,473,438,2016,87,4.7,4204,13.65,68
913,71,203,268,2007,96,7.2,117297,82.23,74
914,199,273,150,2013,89,7.2,66265,0.07,65
915,100,220,217,2009,122,6.7,33007,36.84,60
916,155,244,272,2016,156,7.5,17962,0.79,81
917,13,573,480,2012,103,6.6,257395,85.02,51
918,143,233,518,2007,91,6.7,19351,301.96,29
919,141,620,55,2006,147,7.5,199387,2.21,56
920,81,102,391,2007,113,6.1,155078,70.08,51
921,6,457,360,2010,97,6.4,67801,0.12,62
922,22,107,503,2015,93,6.3,31651,3.64,32
923,114,85,522,2009,102,6.4,152808,64.15,48
924,56,308,301,2015,103,6.8,57921,27.29,38
925,12,84,66,2006,154,6.1,246797,200.07,72
926,72,69,298,2011,117,4.9,190244,281.28,45
927,150,376,177,2009,110,7.3,91623,47.54,79
928,150,235,348,2015,110,5.9,7475,0.02,23
929,109,98,525,2016,86,6.1,3843,84.24,86
930,150,487,406,2012,144,7.1,112902,16.38,48.4803893267656
931,117,119,290,2011,113,5.9,39380,51.78,58
932,156,508,90,2014,107,6.8,92170,50.46,46
933,150,247,110,2016,97,5.4,924,93.38,52
934,206,110,503,2016,97,6.3,2205,2.2,46
935,128,42,449,2016,120,6.2,4669,0.22,82
936,26,4,515,2006,108,6.6,137502,148.21,66
937,191,619,127,2009,92,4.4,60655,0.18,33
938,113,266,414,2010,96,6.8,64535,0.32,50
939,41,517,223,2016,108,7.3,14689,36.38,83
940,177,280,186,2009,109,7.4,279694,83.81,83.0618057399282
941,192,542,511,2008,98,6.1,50255,0.07,58
942,72,154,298,2010,124,4.9,192740,300.52,58
943,206,227,262,2016,86,5.8,1292,35.79,73
944,135,404,35,2011,106,6.1,62095,13.99,35
945,55,155,509,2013,119,6.4,132098,42,49
946,190,110,352,2009,99,6.9,72533,0.86,66
947,101,376,173,2013,132,7.2,93322,116.63,68.3499965905426
948,140,352,181,2016,91,5.6,3990,0.03,48
949,12,392,213,2013,100,4.9,166512,60.52,33
950,58,356,214,2016,80,6.1,2417,0.15,69
951,113,24,490,2015,105,7.8,92076,6.74,74
952,113,19,186,2011,115,7.3,211348,82.62,84
953,119,433,456,2010,146,4.3,62403,95.33,27
954,63,335,389,2013,95,7.2,65653,1.29,61
955,55,489,234,2008,105,6.4,173731,36.06,43
956,135,615,522,2014,94,6.2,81823,26.05,36
957,44,555,401,2010,100,5.2,84158,40.17,32
958,146,137,215,2012,109,7.7,192190,40.98,68
959,41,421,291,2014,117,6.2,73567,30.69,40
960,145,486,267,2006,110,7.8,271940,22.49,53
961,145,134,222,2013,101,7,97141,2.32,61
962,182,480,146,2015,101,5.9,10220,0.01,59
963,103,351,380,2008,115,6.7,88260,26.81,50
964,147,588,454,2010,108,6.3,60133,0.09,27
965,150,267,512,2016,104,6.9,280,40.25,72
966,175,147,304,2006,180,7,44227,38.54,49.0214346080942
967,59,293,302,2016,122,6.7,1810,130.13,70
968,60,529,265,2015,123,7.3,92378,10.14,39.264676231013
969,51,437,36,2015,83,3.5,1210,101.53,37
970,14,225,261,2013,150,6.5,190855,89.29,57.3720346439942
971,196,315,16,2013,92,4.8,37060,34.33,62
972,175,122,469,2007,105,6.9,193491,80.05,54.9551229854436
973,118,5,270,2012,123,5.9,64513,38.51,47
974,192,633,385,2011,111,6.2,108544,38.18,52
975,106,448,331,2016,124,7.4,6753,8.81,73
976,124,368,386,2016,94,6,20966,59.57,37
977,175,221,87,2015,113,6.2,31634,102.52,39
978,109,384,230,2016,92,5,2229,143.49,38
979,150,640,382,2016,97,7,10658,6.11,48
980,184,490,44,2011,120,7.6,108772,3.19,70
981,102,479,240,2016,109,7,12048,61.69,44
982,114,635,411,2014,118,5.3,27312,85.91,33
983,157,350,164,2007,133,7.4,95172,24.34,56
984,109,389,216,2014,104,6.5,112729,82.39,30
985,80,72,488,2015,111,6.8,21405,42.65,47
986,65,144,116,2011,102,5.6,87904,21.56,31
987,196,587,387,2011,92,5.9,88000,42.58,50
988,177,564,179,2014,104,6.3,33688,23.39,30
989,191,478,376,2008,99,7.1,63785,183.44,89
990,103,56,121,2014,128,7.5,67637,52.07,52.0248416607345
991,8,483,422,2009,92,6.6,129708,45.8,44
992,153,1,118,2007,165,8.5,102697,1.2,42
993,119,425,501,2011,97,6.3,45419,6.92,57.2984731638916
994,9,489,371,2010,97,5.9,140900,60.13,37
995,109,464,490,2012,88,6.7,164088,54.72,48
996,145,70,89,2015,111,6.2,27585,215.4,45
997,191,177,307,2007,94,5.5,73152,17.54,46
998,171,326,429,2008,98,6.2,70699,58.01,50
999,62,550,8,2014,93,5.6,4881,14.9,22
1000,122,60,292,2016,87,5.3,12435,19.64,11
