"Rank","Genre","Director","Actors","Year","Runtime_Minutes","Rating","Votes","Revenue_Millions","Metascore"
1,1,220,80,2014,121,8.1,757074,333.13,76
2,2,427,324,2012,124,7,485820,126.46,65
5,1,108,421,2016,123,6.2,393727,325.02,40
6,1,524,285,2016,103,6.1,56036,45.13,42
7,3,96,362,2016,128,8.3,258682,151.06,93
8,3,459,130,2016,89,6.4,2490,38.32,71
9,1,219,71,2016,141,7.1,7188,8.01,78
10,2,373,199,2016,116,7,192177,100.01,41
11,2,125,113,2016,133,7.5,232072,234.02,66
13,1,165,136,2016,133,7.9,323118,532.17,65
15,1,374,34,2016,109,6.4,8612,2.87,70
18,1,400,285,2016,123,6.7,150823,162.16,58
20,5,127,23,2016,116,8,340798,100.5,81
21,2,476,287,2016,120,6.7,19053,7.22,49
22,5,304,67,2016,137,7.9,134213,47.7,96
23,4,53,124,2016,108,6.7,1115,30.69,72
25,1,437,259,2016,120,5.3,127553,103.14,32
26,3,133,138,2016,83,6.8,222,234.36,46.4243148038436
27,1,445,338,2015,159,8.3,76193,6.5,65.7307315895015
29,3,269,305,2016,100,6.2,66540,113.08,60
30,1,293,297,2016,115,5.9,112813,54.65,36
31,3,258,430,2016,111,6.3,48123,60.31,39
32,5,503,23,2016,116,7.5,126030,10.64,67
33,1,66,183,2016,144,7.1,275510,155.33,52
34,1,498,363,2016,108,8,627797,363.02,65
35,1,404,307,2016,107,5.6,46165,26.84,49
36,1,37,76,2016,147,7.9,411656,408.08,75
37,2,84,287,2014,169,8.6,1047747,187.99,74
38,1,453,48,2016,115,7.6,293732,232.6,72
39,1,38,104,2016,132,6.9,122853,93.38,54
40,3,397,210,2007,113,7.1,241,148.09,66.1161399825032
42,5,46,276,2016,111,7.5,135095,27.85,99
45,5,421,144,2016,99,6.3,279,4.21,57
46,1,430,215,2011,136,6.7,395025,241.06,45
47,5,261,203,2016,132,7.3,17818,3.44,64
48,2,455,162,2016,91,5.6,5103,60.13,68.7609364338227
49,1,294,79,2016,122,7.1,164567,158.8,68
50,5,460,72,2016,130,3.7,987,150.37,16
51,1,208,90,2015,136,8.1,661608,936.63,81
52,1,34,231,2016,91,5.8,41362,30.35,23
53,3,166,198,2016,118,5.6,20221,32.46,18
54,1,72,236,2014,101,7.2,321933,43,68
55,1,84,81,2008,152,9,1791916,533.32,82
56,2,343,27,2016,161,7.3,49190,7.08,79
57,4,153,392,2016,88,7.2,121103,89.21,71
58,5,494,121,2016,106,7.4,113322,56.23,51
59,3,321,149,2016,117,7,3739,3.18,76
61,1,526,43,2016,151,6.7,472307,330.25,44
63,4,488,122,2016,112,6.5,102177,75.31,48
64,5,448,91,2015,125,4.1,244474,166.15,46
65,5,84,81,2006,130,8.5,913152,53.08,66
66,1,347,88,2014,129,7.7,440209,128.25,58
67,5,408,283,2016,133,7.4,39784,31.86,69
68,1,176,406,2015,120,8.1,632842,153.63,90
69,5,436,60,2016,106,7.5,291,0.01,61
70,1,408,283,2016,107,7.2,89849,61.28,68
71,5,491,327,2016,133,5.9,149791,208.54,49
72,1,435,53,2016,124,7.1,78079,40.07,60
73,5,206,258,2016,108,7.5,39134,3.73,76
74,5,113,421,2016,97,6.8,43977,30.98,23
76,1,183,215,2007,169,7.1,498821,309.4,50
77,1,285,354,2012,143,8.1,1045588,623.28,69
78,2,416,53,2009,153,8.3,959065,120.52,69
79,1,183,215,2006,151,7.3,552027,423.03,53
80,1,399,290,2016,116,5.3,147717,128.34,60
81,1,84,256,2010,148,8.8,1583625,292.57,74
82,3,345,415,2016,118,7.9,105081,5.88,72
84,4,112,43,2014,149,8.1,636243,167.74,79
85,1,225,416,2015,137,7.2,301249,350.03,67
86,1,87,80,2015,124,7,455169,652.18,59
87,4,49,43,2016,129,6.4,27869,10.38,49
88,1,216,369,2009,162,7.8,935408,760.51,83
89,4,416,371,2015,187,7.8,341170,54.12,68
90,1,174,43,2016,128,7.4,162122,86.2,51
91,4,127,165,2013,153,8.1,431185,60.96,74
92,1,137,410,2016,123,7,187547,47.17,32
93,5,488,126,2011,146,8.1,342429,169.71,62
94,3,501,217,2016,114,7.1,106463,43.02,57
95,1,285,354,2015,141,7.4,516895,458.99,66
96,1,465,361,2016,116,7.4,175067,36.25,70
99,5,389,246,2016,105,6.3,10181,1.29,77
100,4,343,256,2006,151,8.5,937414,132.37,85
102,1,303,77,2011,115,7,570814,181.02,57
103,2,427,285,2015,144,8,556097,228.43,80
104,4,391,278,2016,106,7.9,7204,10.64,47.4900229405067
105,1,192,161,2015,116,7.3,202973,45.43,56
106,4,118,79,2016,102,7.7,115546,26.86,88
107,3,489,353,2016,120,5.4,1954,1.66,40
108,1,125,14,2016,110,6.3,117590,126.59,44
109,5,299,134,2016,105,5.8,1004,23.23,48
110,5,13,19,2014,108,7.7,339797,25.44,78
111,1,185,211,2016,89,6.3,3712,10.16,44
114,1,526,152,2006,117,7.7,637104,210.59,52
115,2,125,97,2011,130,8.1,590595,380.96,87
116,3,283,188,2016,105,5.8,30761,54.73,42
118,1,386,1,2016,161,8.8,48969,11.15,68.2510353868614
119,5,102,212,2016,104,7.2,192968,71.9,76
121,2,497,132,2016,127,6.7,101058,87.24,57
122,2,376,385,2014,139,6.7,362093,150.83,48
123,2,213,427,2016,98,6,53183,46.01,51
124,1,502,379,2016,86,7.4,10428,0.01,51.6381060975788
125,1,84,81,2012,164,8.5,1222645,448.13,78
126,2,266,317,2016,106,7.5,198243,364,77
127,1,353,283,2014,165,5.7,255483,245.43,32
128,2,196,125,2016,96,6.6,69651,38.56,58
129,3,414,291,2008,108,6.4,153481,143.7,51
130,2,12,256,2015,156,8,499424,183.64,76
131,5,130,104,2016,139,7.3,50953,57.64,79
132,2,430,32,2014,125,6,109756,128,69
133,5,233,52,2016,86,6.4,78328,55.12,59
134,5,96,306,2014,107,8.5,477276,13.09,88
135,1,294,416,2013,130,7.1,318051,238.67,61
136,4,131,362,2012,140,7.3,200090,21.38,68
137,4,148,408,2007,122,8.1,660286,74.27,91
138,5,48,256,2013,143,7.3,386102,144.81,55
141,1,208,79,2009,127,8,526324,257.7,82
142,3,496,429,2010,94,6.2,34184,64,56
144,5,316,58,2015,118,8.2,224132,14.68,86
145,5,416,185,2012,165,8.4,1039115,162.8,81
146,5,73,308,2016,144,8.1,33418,2.01,84
147,3,300,156,2016,104,7.4,47694,14.26,77
148,1,526,174,2009,162,7.6,410249,107.5,56
149,3,186,296,2007,113,7.6,442082,121.46,76
150,1,438,405,2016,121,6.2,97623,34.26,42
151,2,483,282,2016,117,6.4,50853,55.47,66
152,2,168,199,2012,142,7.2,735604,408,68
153,5,144,310,2016,88,5.8,4299,0.2,65
154,1,127,122,2015,121,7.6,243230,46.88,82
155,5,117,78,2014,91,8.1,1973,0.03,64.1263632421987
156,1,86,346,2007,94,4.7,97618,41.8,29
157,1,190,168,2013,131,7,400519,101.79,64
158,3,182,393,2011,118,7.4,396714,84.24,68
159,1,139,296,2010,112,7.5,291457,31.49,69
160,1,139,390,2007,121,7.9,373244,23.62,81
162,1,52,387,2016,90,7,6946,1.8,63
163,1,66,329,2014,132,8,552298,233.91,74
164,1,140,404,2016,118,6.1,78043,58.4,47
165,1,341,95,2006,144,8,495106,167.01,80
166,5,70,246,2008,122,5.2,361449,191.45,56
167,1,270,201,2016,129,6.5,156567,65.03,46
169,1,353,213,2016,144,7.3,76935,52.82,48
170,1,446,95,2015,148,6.8,308981,200.07,60
171,4,99,178,2014,118,7.9,332476,32.28,76
173,2,209,155,2016,84,5.2,2127,60.96,59
174,5,472,206,2013,126,8,390531,25.56,90
176,1,60,151,2015,130,6.5,143069,93.42,60
177,1,344,148,2014,130,7.6,337777,208.54,79
178,1,51,45,2008,107,7,321442,110.42,71
180,1,411,334,2015,117,7.3,368912,180.19,64
181,3,466,347,2016,118,6.7,43086,24.09,59
183,5,303,262,2015,105,7,117018,201.15,67
185,5,43,397,2016,124,8,22389,3.4,85
186,5,171,40,2015,135,6,24003,1.72,51
187,5,32,207,2016,113,6.3,11944,1.72,53
188,5,190,293,2015,119,6.6,97454,31.06,66
189,4,382,362,2011,100,7.8,461509,35.05,78
190,3,288,25,2015,125,6.3,106364,110.01,75
191,5,131,297,2016,133,7.2,27382,12.53,60
192,5,39,129,2016,94,5.6,1445,234.9,42
193,4,506,281,2015,128,8.1,268282,44.99,93
195,1,174,406,2011,140,8.2,355722,13.65,71
196,1,251,76,2011,124,6.9,547368,176.64,66
197,4,7,63,2016,95,6.3,3799,36.06,58.7381818532334
198,2,460,120,2007,148,8.1,459304,18.35,73
200,1,419,108,2016,107,6.3,97082,127.38,52
201,1,135,404,2014,113,7.9,471815,100.19,71
202,5,183,93,2016,146,6.5,12193,8.1,47
204,1,266,354,2008,126,7.9,737719,318.3,79
205,1,433,385,2016,120,5.7,70504,66,33
206,1,347,183,2011,132,7.8,550011,146.41,65
207,5,289,146,2016,99,7.5,5435,0.51,81
208,3,245,6,2016,118,7.5,26089,2.14,90
209,3,399,247,2011,125,6.8,227912,169.08,75
210,5,88,149,2016,111,6.7,23713,202.35,67
211,1,61,108,2015,114,6.1,161396,155.18,43
212,5,195,414,2012,94,5.3,114290,14.12,63
213,1,353,388,2007,144,7.1,531112,318.76,61
214,1,473,219,2013,104,5.8,54679,58.23,49
215,1,9,77,2013,112,7,443584,206.36,54
216,1,14,57,2016,126,5.5,73568,31.14,25
217,1,37,76,2014,136,7.8,542362,259.75,70
218,1,77,269,2016,104,5.7,7044,33.04,41
219,5,319,280,2016,100,6.1,1703,0.22,67
220,1,347,3,2010,117,7.7,456749,48.04,66
221,1,203,387,2015,96,6.7,61098,9.24,51
224,4,112,95,2011,158,7.8,348551,102.52,71
225,3,419,194,2013,110,7,334867,150.37,44
226,5,24,377,2016,163,7,19660,0.66,79
227,3,525,87,2015,119,7.1,121313,8.7,82
228,1,385,11,2010,107,6.4,179450,52,51
229,1,434,29,2014,97,7,268877,241.41,56
231,5,190,170,2006,118,8.2,498879,37.62,98
232,4,30,330,2016,95,5.2,3305,0,50
233,1,351,153,2006,139,7.8,247926,50.86,68
234,1,83,404,2015,131,7.4,257472,195,75
235,1,71,77,2016,114,6.1,66766,47.95,35
236,5,474,264,2012,102,8,377336,17.74,67
238,5,94,231,2016,85,3.9,4895,2.41,31
239,2,516,343,2014,99,8.1,530881,59.07,88
240,1,26,374,2013,125,5.9,96852,26.62,35
241,1,108,53,2014,134,7.6,332234,85.71,64
244,1,9,41,2015,126,6.5,205365,89.73,38
245,2,74,264,2010,118,5.9,148949,88.76,47
246,5,505,165,2012,158,7.6,257426,148.78,63
247,5,20,224,2006,109,7.9,382910,35.29,84
248,3,370,35,2016,119,7.4,14708,5.66,83
249,1,399,290,2015,119,7.1,188017,110.82,75
251,3,141,106,2016,92,4.9,178,0.32,50
252,5,525,83,2009,94,7.3,50946,0.11,73
254,1,331,27,2014,142,6.7,342183,202.85,53
256,3,501,428,2009,100,7.8,611563,277.31,73
257,1,408,14,2012,131,5.8,210349,65.17,41
258,1,442,181,2011,105,7.6,422290,176.74,68
260,5,279,350,2016,118,7.1,664,2.27,76
261,3,12,298,2014,119,7.8,440299,42.34,88
262,5,106,314,2010,108,8,581518,106.95,79
263,3,295,412,2014,108,6.2,21715,4.4,79
264,5,311,73,2013,117,7,90556,0.79,64
265,1,107,288,2016,112,6,59312,0.54,40
266,5,142,236,2015,99,4.9,53441,0.03,53
267,3,101,353,2016,102,6,75137,35.54,18
268,5,507,405,2012,172,7.5,298651,27.1,55
269,1,173,165,2009,107,6.7,388447,179.88,40
271,1,446,95,2012,143,7.8,547386,304.36,81
272,2,410,284,2012,169,7.9,668651,303,58
273,1,412,217,2012,110,7.2,432046,138.45,69
274,3,254,137,2016,106,8,52144,3.23,79
276,1,281,404,2013,124,7,410125,89.02,54
277,1,412,69,2014,112,7.1,280110,191.62,71
278,4,112,178,2007,157,7.7,329683,33.05,78
279,3,424,51,2016,117,7,36312,3.37,83
280,1,465,354,2013,130,7.2,591023,408.99,62
281,4,322,201,2013,115,7.3,492324,117.7,50
282,1,192,354,2009,128,7.6,501769,209.02,57
285,1,63,108,2014,98,6,122838,72.66,47
286,1,526,123,2011,110,6.1,204874,36.38,33
287,1,186,428,2016,105,5.8,30405,14.9,34
288,1,309,69,2015,127,5.3,150121,47.38,40
289,1,229,428,2016,95,5.8,26508,17.36,47
291,1,449,426,2016,118,7.5,58782,2.13,72
292,3,231,32,2012,112,7.2,226631,65,66
293,3,380,384,2016,92,5.7,76327,55.29,58
294,5,115,262,2016,107,7.7,96,36.06,42.5025147390596
295,1,526,161,2013,143,7.1,577010,291.02,55
296,5,439,49,2016,111,6.6,20514,18.71,26
298,3,113,34,2006,109,6.8,302268,124.73,62
300,5,402,96,2007,158,8.1,400682,40.22,92
301,1,38,104,2014,132,7.2,249425,101.53,57
302,1,408,283,2013,121,7.5,218996,125.07,60
304,3,162,30,2008,97,5.5,67033,48.24,55
305,3,244,195,2010,104,6.4,105619,31.58,46
306,3,402,206,2014,148,6.7,69509,8.09,81
307,2,215,293,2016,113,6.2,57207,77.04,34
308,4,167,120,2016,110,5.5,403,7.22,51.5531966935295
309,1,294,268,2006,104,6,193479,62.49,45
310,3,80,91,2016,110,6.1,59886,46.81,51
312,5,2,254,2013,180,7.8,103150,2.2,88
313,5,241,130,2014,93,6.8,132580,0.92,86
314,2,410,166,2014,144,7.4,385598,255.11,59
315,2,125,97,2007,138,7.5,385325,292,71
316,1,59,76,2013,126,7,199048,4.56,84
317,1,205,75,2016,112,5.2,73093,34.91,33
318,1,97,89,2016,81,5.3,1263,6.53,48.5324868501908
319,3,327,325,2015,94,6.2,81429,65.07,55
320,1,294,416,2011,131,7.3,300803,209.81,66
321,4,35,69,2006,104,6.5,95960,65.27,48
322,5,471,351,2016,84,6.4,616,0.01,74
323,1,192,152,2008,114,7.3,203096,5.69,53
324,1,26,228,2011,109,6.7,319025,37.55,53
326,1,62,416,2015,106,6,71149,27.36,34
327,5,401,97,2015,110,6,37975,5.77,36
329,4,242,38,2015,95,7,62885,3.22,79
330,4,358,77,2015,133,5.4,43085,7.1,51
332,1,85,54,2014,133,7.3,353305,350.12,72
335,1,438,94,2013,123,8.1,339722,26.9,75
336,5,368,232,2016,97,6.1,18201,4.71,80.6491507544259
337,3,119,54,2012,122,7.8,564364,132.09,81
338,5,19,15,2016,88,5.9,115,42.72,64
339,5,282,385,2014,126,7.8,271301,124.87,69
340,3,160,8,2014,117,6.5,93764,46.28,31
341,1,294,416,2009,107,6.6,217464,155.02,46
342,1,420,218,2012,119,7.4,452369,66.47,84
343,1,437,69,2013,131,6.4,173320,73.1,52
344,2,116,61,2016,102,6.8,36322,76.2,71
345,1,447,403,2007,139,6.2,406219,336.53,59
346,1,404,264,2011,110,5.8,92329,20.32,35
347,2,347,70,2007,127,7.7,220664,38.35,66
348,4,119,81,2013,138,7.3,379088,150.12,90
349,3,297,288,2009,102,5.1,96617,16.2,47
350,3,522,328,2011,94,7.7,320323,56.82,81
351,5,521,140,2016,89,7.3,1396,100.19,83
352,5,119,199,2015,124,6.6,97679,56.44,56
353,3,248,234,2015,119,7.1,33352,2.02,47
354,3,522,201,2016,96,6.7,45579,11.08,64
355,2,433,385,2015,119,6.3,171970,130,42
356,1,461,44,2014,102,5.5,59958,17.18,30
357,3,201,326,2016,118,7.4,5496,20.17,55.3859579519234
359,3,149,181,2013,107,6.6,327838,101.47,67
360,3,422,107,2013,123,7.8,221600,15.29,55
361,3,4,420,2008,98,6.9,223065,100.47,51
363,1,208,79,2013,132,7.8,417663,228.76,72
364,2,440,201,2009,88,7.7,409403,75.59,73
365,3,148,219,2016,106,6.3,89059,30,72
366,5,105,105,2008,120,8,677044,141.32,86
367,2,54,246,2012,115,5.5,194329,292.3,52
368,5,15,424,2016,117,6.9,286,31.58,67.9215198792885
369,1,331,27,2012,136,7,474320,262.03,66
370,1,499,172,2016,123,5.7,28326,26.38,38
371,1,207,175,2016,89,6,702,3.85,62
372,1,517,110,2014,113,6.8,335531,102.41,57
373,1,41,240,2016,113,6.3,38430,14.27,36
374,1,499,29,2008,110,6.7,312495,134.57,64
376,1,145,319,2016,99,5.7,7583,2.2,33
378,5,443,294,2015,133,7.6,175673,109.71,82
379,2,100,332,2016,97,7.1,61812,4.21,64
380,1,396,396,2014,126,6.1,137568,39.29,35
381,3,240,197,2014,86,7.6,84016,3.33,76
382,5,38,178,2015,124,7.4,169083,52.42,57
384,5,483,405,2015,142,7.6,217938,72.31,81
386,1,45,190,2015,121,7.1,154647,43.25,64
387,1,74,8,2015,105,5.6,101092,78.75,27
388,1,427,361,2010,140,6.7,221117,105.22,53
389,1,222,165,2013,126,6.7,355362,132.55,60
390,1,27,398,2012,132,6.6,220667,73.06,51
391,1,407,237,2016,100,6.3,31913,20.57,63
392,1,415,382,2015,115,5.8,31194,10.64,39
394,3,180,402,2016,98,5,102,309.4,43
395,3,128,8,2013,101,5.4,114482,133.67,19
396,5,314,52,2015,112,7.2,112288,42.48,51
397,1,322,115,2008,112,6.8,342355,134.52,61
398,3,409,417,2009,113,5.5,86417,109.18,23
399,3,493,390,2015,85,6,26587,9.35,31
400,3,482,69,2012,110,6.1,113686,113.71,72
403,1,382,406,2008,92,7.1,93972,0.1,28.21081232669
405,5,357,182,2014,118,6.7,49041,26.76,29
406,5,297,265,2015,100,6.7,40529,0.23,74
407,5,298,203,2012,157,7.4,226661,95.72,95
409,1,157,199,2015,137,6.6,202380,281.67,65
410,2,257,111,2015,99,6.1,74589,58.88,34
411,1,415,260,2008,93,7.8,502961,145,50
412,3,143,32,2015,115,6.5,108306,183.44,63
414,4,403,169,2016,130,7.2,35417,66,89
415,1,129,193,2016,98,5.6,48161,21.2,38
416,3,305,227,2014,102,5.4,34546,1.82,55
417,5,340,20,2016,108,6.9,164,50.92,85
418,5,252,238,2007,123,7.8,202890,50.92,34.9576357269936
419,2,125,97,2010,146,7.7,357213,294.98,65
420,5,478,297,2011,101,7.2,155010,4,72
421,1,252,374,2011,111,6.8,164208,40.25,65
422,5,121,253,2007,88,5.7,8914,0.04,35
423,1,67,262,2016,108,5.8,35003,10.91,45
424,1,387,394,2014,102,6.2,237887,106.37,48
425,1,44,152,2016,99,5.9,100702,62.4,28
426,5,112,53,2008,166,7.8,485075,127.49,70
427,1,161,303,2014,102,6.5,122185,13.75,46
428,1,400,285,2007,115,8.1,525700,227.14,85
430,1,217,141,2016,109,6,54216,79,28.5650926253961
431,3,418,1,2009,170,8.4,238789,6.52,67
432,3,51,45,2016,102,4.7,48297,28.84,34
433,1,330,53,2013,116,7,494819,202.35,63
434,1,60,404,2011,132,7.4,382459,209.36,73
435,1,89,277,2016,102,6.4,223,7.76,56
436,3,271,183,2013,97,7.1,81301,0.03,14.7880532476123
437,5,178,380,2015,123,7.1,58421,37.43,33
438,5,206,312,2012,114,7.6,156189,19,73
439,1,239,3,2013,103,6.6,214825,28.75,41
440,3,237,12,2016,88,5.6,220,245.43,63
441,2,447,181,2013,130,6.3,181521,234.9,44
442,5,255,374,2015,117,7.5,94977,38.32,87
444,5,131,362,2010,112,7.4,151409,9.7,81
446,2,81,341,2006,125,6.6,184152,46.98,39.3696933738546
447,1,406,230,2012,95,7.1,213764,13.4,59
448,2,486,367,2016,101,7.9,52331,5.2,81
450,5,306,75,2013,100,5.9,113272,35.27,53
451,1,266,354,2010,124,7,556666,312.06,57
452,3,235,178,2015,101,7,58720,1.82,49
453,1,79,103,2009,108,6.8,126656,10.33,28
454,1,38,152,2013,119,6.5,214994,98.9,41
455,1,94,13,2011,109,6.1,202682,55.09,36
456,5,495,274,2012,115,8.3,192263,0.61,76
457,3,35,372,2009,108,6.7,241709,163.95,48
458,3,147,420,2015,100,6,95119,90.35,34
459,3,128,8,2011,117,6.4,182069,103.03,33
460,5,446,256,2008,119,7.3,159736,22.88,69
461,4,49,43,2010,125,7.6,294553,92.17,74
464,5,362,131,2014,97,7.5,187760,21.56,69
465,2,429,171,2015,103,6.3,57602,80.02,60
466,1,192,354,2011,129,7.5,357436,186.83,48
467,1,413,29,2010,100,6.4,255813,118.31,65
469,1,378,387,2009,112,8,556794,115.65,81
470,1,4,420,2010,107,6.7,199900,119.22,64
473,1,437,209,2009,158,5.8,297984,166.11,49
474,2,125,97,2009,153,7.5,351059,301.96,78
477,5,156,413,2006,137,8.5,278103,11.28,89
479,5,23,17,2016,96,8.3,61,20.17,71
480,5,293,297,2015,113,6.7,41642,760.51,71
481,3,380,245,2008,111,7.2,226619,62.88,67
482,5,413,57,2014,97,6.5,93799,45.09,47
483,1,259,67,2016,115,6.3,48400,12.63,52
484,3,393,154,2016,97,7.7,17584,12.8,43
486,2,516,186,2012,94,7.8,254446,45.51,84
487,3,5,214,2007,117,6.7,102954,118.82,81
488,5,312,223,2013,115,6.7,84765,71.35,34
489,3,182,421,2015,105,6.6,166489,53.85,56
491,5,246,89,2010,98,6.5,36091,0.02,66
492,1,10,104,2010,118,6.9,241359,94.82,53
493,1,344,304,2008,85,7,313803,80.03,64
494,1,146,114,2015,114,5.3,44553,28.77,34
495,5,273,378,2013,108,6.3,94707,2.61,78
496,5,157,421,2007,101,7.2,565721,256.39,65
497,1,47,421,2012,106,6.8,278379,179.02,58
499,4,151,152,2009,109,7.4,228339,73.34,34
501,1,517,110,2015,131,6.3,159364,81.69,43
502,5,500,68,2015,118,7.2,77995,0.25,95
503,4,104,97,2016,109,6.5,27428,58.88,68
504,3,394,295,2015,124,7.3,52636,2.7,64
505,5,210,187,2009,141,7.9,166872,110.42,63
506,4,406,352,2016,110,5.7,291,86.2,54
507,4,388,3,2012,131,6.5,107960,47.31,59
508,3,331,431,2009,95,7.7,398972,32.39,76
509,3,143,126,2013,94,4.3,83625,8.83,18
510,5,20,372,2013,91,7.8,622089,274.08,96
511,5,336,42,2008,94,7.8,144614,9.03,55
512,1,38,283,2007,124,7.2,267820,46.98,53
514,2,444,248,2015,132,7.1,47289,66.01,72
515,3,188,69,2015,115,5.7,42506,3.18,60
516,3,519,126,2010,92,7.1,294950,58.4,72
517,1,427,81,2014,150,6,137299,65.01,52
518,1,378,387,2015,120,6.9,188769,31.57,41
519,2,410,166,2013,161,7.9,513744,258.36,66
520,5,56,74,2013,111,6.2,1356,0.05,51
522,4,427,297,2013,117,5.3,84927,16.97,48
523,1,28,37,2016,133,4.7,1830,23.05,57
525,4,122,86,2010,106,7,36043,0.06,60
526,1,177,50,2016,103,3.9,552,93.05,61
527,1,378,285,2013,109,6.6,358932,79,38.6499377029952
528,2,142,266,2013,100,5.4,26461,7.19,38
529,1,165,3,2014,123,6.4,318058,200.66,62
530,1,509,200,2012,135,6.7,245374,113.17,61
531,3,427,361,2006,117,6.9,74674,7.46,47
533,1,510,104,2006,126,7,253858,17.47,84.2523176410542
534,1,323,378,2014,89,6.4,352698,126.55,61
536,1,457,2,2014,132,6.5,143389,43.57,39
537,1,83,404,2012,130,7,250811,58.68,50
538,1,479,8,2016,108,5.7,24761,0.54,22
539,4,18,204,2016,92,7.3,198,20.17,43
540,4,150,135,2016,108,6.1,7115,169.08,49.8034593900444
543,1,379,180,2016,107,6.3,27042,0.33,39
544,5,423,163,2007,126,7.1,177247,53.68,61.0019946011322
545,5,372,330,2015,103,5.7,4912,62.32,39
546,5,238,301,2016,112,6.7,54787,3.71,76
547,3,366,237,2016,92,6.8,10485,4.42,83
548,2,497,293,2010,108,6.5,324898,334.19,53
550,5,302,102,2016,100,7.9,22941,2.13,77
551,3,411,198,2006,106,5.8,106381,118.68,45
553,1,284,306,2015,100,4.3,121847,56.11,27
554,5,475,292,2015,104,6.3,9187,0.09,80
555,5,155,127,2015,106,7.1,30074,17.47,33
558,1,169,270,2014,92,6.3,148504,55.94,40
559,1,438,77,2015,122,6.9,90372,24.99,47
560,2,369,271,2006,84,6.6,115355,0.44,66
561,1,485,396,2010,103,6.5,283282,102.98,45
565,1,441,246,2012,127,6.1,239772,155.11,57
566,2,252,257,2015,111,5.8,47804,34.96,36
567,1,353,388,2011,154,6.3,338369,352.36,42
568,3,232,118,2007,96,7.5,432461,143.49,81
569,3,507,405,2016,98,6.1,26521,4.2,58
570,4,249,151,2016,98,6.5,68654,41.01,55
571,3,381,65,2014,109,6,110825,83.91,39
573,3,375,353,2015,121,7.1,159582,75.27,51
574,3,272,393,2006,101,7.8,374044,59.89,80
576,1,322,369,2010,106,5.8,238206,163.19,39
577,1,92,79,2016,117,6.8,44425,27.55,58
578,1,281,196,2010,125,6.8,273959,172.05,49
579,1,157,199,2013,146,7.6,525646,424.65,76
580,4,25,362,2010,101,6.3,44158,0.58,57
581,1,264,101,2016,90,4.9,6809,131.56,37
582,1,327,323,2010,103,4.2,125129,7.76,20
583,3,211,192,2014,94,5.1,89885,38.54,36
584,3,307,65,2012,110,5.7,60059,41.1,41
586,1,338,321,2007,114,5.2,190673,115.8,35
588,1,487,161,2011,110,6,142900,83.5,46
589,2,105,84,2007,107,7.3,199860,3.68,64
591,5,383,299,2009,152,7.8,182074,10.1,76
592,5,36,312,2013,112,6.2,25208,0.32,37
593,4,360,406,2014,106,7.1,116118,10.72,69
594,3,29,21,2006,105,6.4,122864,2.34,45
595,3,458,420,2015,96,6.1,68306,150.32,42
596,5,344,244,2010,116,7.2,97141,12.13,79
597,1,239,381,2008,110,6.6,84083,24.85,39
598,1,322,364,2016,83,6.2,63408,6.86,44
599,5,137,368,2009,97,7.9,277123,5.01,67
601,1,440,382,2013,113,6.7,181432,46,40
602,1,234,289,2016,88,6.4,40357,93.95,66
603,3,301,198,2009,129,6.4,137684,228.43,47
605,4,527,286,2015,110,5.1,1630,6.53,90
606,5,253,139,2016,95,7.4,338,58.01,46.129280195622
607,5,126,199,2010,100,7.2,116435,183.44,61.9034490595182
608,3,462,188,2011,98,6.9,368556,117.53,57
609,5,523,33,2014,139,8.1,33560,3.49,74
610,1,190,358,2008,120,7,216932,75.75,78
611,5,423,18,2013,124,6.2,71822,19.45,52
612,3,334,373,2016,162,7.6,24387,1.48,93
613,5,410,340,2009,135,6.7,130702,43.98,42
615,3,280,218,2013,90,6.6,199973,24.48,66
616,1,226,168,2016,92,6.3,21089,0.04,48
618,1,168,287,2016,139,6.9,29895,34.01,34.1245330051467
619,1,392,32,2015,95,6.3,30053,0.03,52
620,2,51,45,2013,114,7.3,249877,58.23,54
621,3,426,386,2015,103,7.3,66400,17.47,72
622,1,329,231,2012,88,6.4,127157,62.32,39
623,5,311,422,2009,108,6.6,94069,0.4,49
625,1,390,260,2014,109,6,144715,89.25,26
626,1,315,87,2012,118,6.3,210965,58.88,43
627,1,63,329,2006,104,6.7,406540,234.36,58
628,3,520,272,2016,88,6,7181,37.55,46
629,4,90,236,2016,93,6.1,10700,87.24,36.1161248285752
630,2,467,45,2014,98,6.2,74886,113.73,47
631,3,140,178,2010,112,6.7,151519,32.36,55
632,3,149,181,2014,112,6.6,261536,6.11,52
633,3,59,229,2006,120,7,73491,2.2,85
634,5,355,22,2011,85,4.9,6683,3.19,94
636,3,288,384,2007,129,7,309398,148.73,85
638,4,259,406,2012,116,7.3,195360,37.4,58
639,5,318,159,2014,83,5.6,50402,31.54,59
640,3,267,189,2012,113,6.7,178471,56.72,49
642,3,95,99,2014,122,8.1,110100,3.08,77
643,3,160,8,2015,119,4.8,31149,47.54,18
644,5,158,337,2016,113,7.5,4304,0.86,73
645,5,196,391,2016,85,5.5,3564,23.62,72
646,5,85,85,2008,116,8.2,595779,148.09,68.4479758093845
647,3,265,54,2015,101,6.6,76469,13.65,42
649,5,290,123,2011,101,5.3,27006,0.03,34.6632427065772
650,1,339,430,2014,104,5.6,44111,7.79,30
651,5,497,215,2007,116,7.4,296289,52.88,83
652,4,6,36,2015,101,6.4,36300,55.12,36
654,3,8,28,2016,87,6.7,30875,9.39,68
655,5,200,119,2016,83,6.4,482,0.03,82
657,5,424,117,2014,165,7.9,286722,25.36,100
658,1,276,288,2014,101,5.9,178527,190.87,31
659,4,110,312,2007,100,7.7,198006,17.11,82
660,5,469,150,2015,96,6.7,2798,0.03,62
661,1,114,384,2008,111,7,267872,87.34,64
662,3,268,110,2012,95,6.9,54027,0.02,55
663,4,49,309,2007,114,7.7,206707,20.3,72
664,1,399,372,2013,117,6.6,140151,159.58,60
665,5,352,169,2016,102,7.1,5796,0.28,88
666,5,252,238,2012,129,6.6,75291,12.8,63
667,4,11,131,2015,106,5.7,26320,0.05,32
668,2,463,283,2015,115,6.3,136323,81.26,48
669,3,353,283,2013,129,6.5,168875,49.87,45
670,2,140,256,2006,143,8,422014,57.37,64
672,4,103,406,2015,137,6.5,47703,1.21,41
673,5,298,200,2008,131,7.6,352023,15.7,94
674,1,341,363,2011,114,5.6,231907,116.59,39
675,1,262,14,2016,98,5.9,9285,10.64,50
677,1,365,396,2013,115,6.7,188004,25.12,49
678,3,80,261,2014,102,7.2,80415,0.01,44
679,3,40,275,2015,101,6.5,57874,34.02,56
680,1,236,62,2016,140,7.2,2403,0.54,78
681,1,157,199,2014,123,6.7,331902,337.1,64
682,5,326,401,2011,112,7.5,104953,1.74,68
683,3,518,231,2016,90,6.5,16164,14.01,87
684,1,194,261,2013,130,5.9,112313,31.17,33
685,5,164,421,2008,123,7.7,245144,69.95,36
688,1,135,158,2008,88,6.1,252503,80.17,35
690,5,508,148,2011,122,7.1,157053,24.1,85
691,1,404,307,2012,96,5.4,114144,42.35,39
692,5,172,16,2016,151,7.8,23540,1.4,56
694,1,404,243,2014,105,5.5,90188,23.22,39
695,2,32,395,2012,127,7.9,471109,124.98,79
696,5,312,350,2009,93,8.1,177602,102.98,61
697,3,228,69,2011,100,6.1,19636,0.2,53.6015382663358
698,5,367,300,2014,106,7.3,86271,0.33,57
699,1,315,59,2007,128,7.2,347567,134.52,69
700,3,68,419,2016,94,5.5,1427,0.02,44
701,4,356,312,2007,111,6.5,73835,1.29,74.2204050942491
702,3,463,283,2012,106,7,494641,218.63,62
703,1,433,59,2010,111,7.1,250012,90.36,60
704,2,48,322,2008,165,6.6,106115,49.55,53
705,1,178,108,2010,98,6.5,83788,23.23,44
706,4,332,222,2016,87,5.8,4754,101.47,60
708,3,260,387,2016,88,6.5,5908,1.02,53
709,4,111,354,2014,141,7.4,146812,47.11,48
710,4,255,128,2013,96,6.2,18437,5.73,50
711,1,353,388,2009,150,6,335757,402.08,35
714,5,127,267,2010,131,8.2,92863,6.86,80
715,3,58,45,2007,116,5.8,74664,36.77,46
717,3,134,9,2015,104,6.6,64557,32.36,38
719,1,106,361,2014,138,5.8,209700,101.16,68
720,3,380,384,2014,97,6.4,236500,150.06,68
721,5,311,73,2013,123,6.7,65824,0.33,60
722,2,235,345,2014,115,7.1,95553,37.88,76
723,3,128,8,2010,102,6,190385,162,30
725,1,194,173,2010,140,6.2,127983,176.59,61
726,3,497,215,2012,113,6.2,209326,79.71,55
727,3,519,305,2011,109,6.6,286543,55.8,63
728,5,376,115,2006,110,7.6,309934,39.83,68
729,1,250,260,2010,117,6.8,219116,77.21,47
731,3,467,417,2013,119,6.3,166342,44.67,42
732,2,186,390,2011,104,7,201707,37.37,57
733,3,468,202,2016,100,6.9,688,58.23,51
735,3,65,112,2016,104,7.7,16163,0.69,37
736,2,343,42,2011,126,7.5,259182,73.82,83
738,1,427,256,2008,128,7.1,182305,39.38,57
739,5,490,81,2015,118,5.7,17439,0.56,53
740,1,428,56,2008,112,5.2,124554,102.18,31
741,3,50,290,2016,99,5.4,29642,63.03,40
742,1,274,114,2016,111,6.6,8998,4.71,54
743,5,287,349,2009,129,8.2,144524,20.17,80
744,2,148,196,2010,110,7.6,254904,171.03,80
745,5,349,427,2015,96,6.2,25903,3.59,46
746,3,463,383,2014,116,6.1,144779,42.62,44
748,3,514,261,2016,127,5.7,3731,3.65,59.9325850359986
750,2,496,264,2013,106,5.9,91684,68.56,39
751,4,187,36,2007,113,7.2,148943,39,68
753,3,342,87,2008,107,7.9,322536,7.76,67
754,1,350,345,2012,103,6.3,154400,54.76,31
756,2,259,415,2009,111,7.3,187302,0.06,52.1308265732037
757,5,138,4,2016,92,5.2,2083,2.21,46
758,5,214,251,2016,87,6.6,256,7.69,36
759,1,333,191,2011,113,5.2,84893,21.27,48.2688029060447
760,1,119,283,2010,116,7.8,290056,93.57,79
761,5,308,142,2007,114,7.5,91229,31.66,38
762,3,266,216,2014,114,7.3,151970,31.24,68
763,5,173,160,2015,102,7.3,57826,18.7,73
764,1,94,388,2008,118,6.6,156158,101.11,43
766,3,418,1,2014,153,8.2,103279,10.57,51
767,1,173,157,2013,114,6.7,194236,61.66,72.5425224652991
768,1,483,157,2008,122,6.2,351361,317.01,65
769,5,212,313,2015,109,6.3,72515,31.99,56
770,5,52,407,2015,119,5.7,25928,0.34,65
771,1,330,95,2008,106,6.6,347798,168.37,58
772,1,513,389,2016,95,4.5,2043,151.06,34
774,5,327,333,2006,110,5.6,82701,42.27,36
775,5,106,165,2006,96,7.3,199193,10.14,51
778,1,511,5,2015,90,4.7,9026,83.5,56
779,3,198,273,2016,90,4.8,499,116.59,45.2877270050171
781,1,233,260,2011,113,6.9,218679,61.09,56
782,1,487,363,2015,117,6.5,67196,12.28,34
783,4,64,240,2007,120,7.3,128146,28.48,45
784,3,3,64,2016,82,6.5,1031,36.25,77
785,3,75,76,2014,95,6.9,31370,0.04,31
787,5,247,359,2016,108,6.8,378,83.64,37
788,1,484,47,2016,92,4.6,11555,3.77,22
790,1,408,421,2008,92,6.4,366138,227.95,49
791,3,231,24,2015,118,6,50241,87.03,58
792,3,323,353,2013,111,6.3,92868,36.92,42
793,3,305,384,2008,101,6.6,154936,31.45,56
795,1,42,369,2012,102,6.6,129252,18.6,40
796,3,204,314,2011,108,6.2,178243,70.63,50
797,2,515,81,2006,120,7.3,87887,5.48,77
799,4,454,260,2014,114,6.5,93883,25.98,57
800,1,139,390,2013,109,7,199813,26,81
801,3,305,263,2016,88,4.3,7091,55.12,23
802,3,342,87,2012,110,7.2,196652,14.99,66
804,1,303,79,2014,105,6.2,103681,50.55,57
806,4,442,283,2014,111,6,52537,33.63,55
807,1,371,178,2010,116,6.6,233148,90.76,50
808,3,223,306,2013,95,7.1,115751,6.85,82
810,1,335,321,2016,128,5.2,4964,6.88,30
811,1,159,311,2015,93,6.7,19309,0.05,60
814,3,522,425,2012,112,6.3,72050,16.68,54
816,4,473,104,2006,129,7.6,285441,88.5,76
817,4,263,336,2016,95,5.4,8755,66.01,27
818,2,105,181,2010,94,7.6,294010,18.33,82
821,5,450,302,2014,107,6.9,13711,34.3,64.5251416201008
822,2,492,82,2009,123,6.8,130153,7.69,65
823,1,477,103,2009,118,5.8,180105,150.17,32
825,5,132,388,2015,90,5.8,4779,0.33,27
827,5,152,312,2016,91,4.6,5715,6.88,49.6538477264634
828,1,348,279,2016,108,5.3,1391,186.83,77
829,1,432,248,2007,191,7.6,160350,25.03,60.8516180543019
830,3,230,66,2008,87,1.9,77207,14.17,15
831,5,485,396,2006,102,7.2,171356,70.27,63
832,3,109,429,2012,94,6.4,16917,49,54
833,5,69,293,2011,120,7.4,67464,11.23,76
834,1,31,287,2008,112,5.7,62719,70.22,29
835,3,310,364,2012,83,6.4,225394,59.62,58
837,4,93,10,2016,128,7.5,5531,0.13,84
838,1,128,8,2008,113,5.5,163144,100.02,54
839,4,175,26,2016,102,4.2,8409,0.06,23
841,3,458,188,2014,108,6.3,125190,54.41,40
842,5,324,401,2015,125,6.4,15232,1.98,74
843,5,311,242,2011,135,7.1,137117,3.03,80
845,1,510,104,2010,98,6.8,157499,81.56,69
846,5,435,104,2012,138,7.3,276347,93.75,76
848,4,181,150,2013,131,7.8,77986,0.09,49
851,4,431,205,2008,123,6.8,198395,81.16,48
852,5,254,238,2013,104,7.4,111875,16.17,62
853,4,452,81,2013,116,6.8,88829,11.33,63
854,5,522,344,2008,96,7.1,208770,23.21,70
856,3,328,167,2016,111,5.9,9993,54.01,67
857,1,350,81,2009,115,6.6,297093,125.32,49
861,5,22,356,2010,113,7.2,119376,19.06,40
863,3,364,393,2014,81,6.2,32310,66.95,54
864,5,480,406,2013,85,7.1,100890,1.36,81
866,5,17,97,2013,120,6.5,61060,0.16,46
867,5,224,264,2016,110,6.9,7402,3.4,78
869,3,109,429,2011,99,6.6,20194,52.69,51
870,1,208,404,2006,126,6.9,270429,133.38,66
871,3,193,357,2015,116,7.7,21569,3.36,70
872,1,227,226,2009,85,2.7,59512,9.35,45
873,1,98,77,2012,93,5.4,64584,44.8,31
874,5,321,34,2011,107,7,113599,13.77,48
875,3,184,235,2010,114,6.6,101301,53.36,39
876,5,286,200,2007,100,7,221858,28.64,78
877,3,275,319,2013,98,6.9,193579,66.36,59
878,5,522,68,2013,98,7.3,160592,33.4,78
879,1,270,108,2013,110,5.8,152145,122.51,41
880,1,276,369,2012,99,5.8,159230,83.64,37
881,1,197,164,2016,120,6.9,8365,1.91,68
883,5,512,215,2014,119,6.3,184564,23.01,42
885,5,136,319,2015,101,6.1,16361,0.03,43
886,5,12,53,2006,143,7.5,253417,34.3,69
887,5,490,53,2011,139,6.8,143517,13.3,85
888,5,455,427,2012,101,6.5,82874,60.44,39
889,3,17,116,2010,88,5.5,75262,25,53
890,3,275,218,2011,100,7.7,281625,34.96,72
891,4,154,109,2016,104,3.5,202,200.07,59
892,3,288,334,2012,134,6.2,108156,67.52,72.969696634251
893,1,467,165,2011,127,7.1,264480,85.46,56
894,3,359,376,2008,145,5.5,102547,152.64,53
895,1,485,396,2008,92,7.1,187077,42.72,46
896,1,432,360,2007,105,7.1,174553,167.01,55
898,2,487,255,2006,117,7.9,93036,2.28,64
899,3,431,235,2009,96,6.5,172558,88.92,28
900,3,170,233,2009,89,5.5,83976,58.72,24
901,3,317,194,2015,101,6.5,27730,0.81,64
902,1,120,371,2006,105,5.6,118905,34.01,58
903,3,354,97,2013,98,6.8,55243,3.45,59
905,1,278,208,2014,117,6.2,190833,58.61,52
906,5,218,313,2016,110,6.2,1455,70.22,43
907,3,361,365,2015,95,6.7,12361,14.44,63
908,4,482,151,2007,122,6.9,269581,117.14,62
909,3,220,316,2006,95,6.5,64351,7.77,69
910,5,482,285,2011,106,6.6,187004,75.64,70
911,5,346,366,2015,133,6.4,17565,0.08,72
913,2,163,221,2007,96,7.2,117297,82.23,74
916,5,199,225,2016,156,7.5,17962,0.79,81
917,1,470,396,2012,103,6.6,257395,85.02,51
918,4,189,423,2007,91,6.7,19351,34.96,29
919,4,507,46,2006,147,7.5,199387,2.21,56
920,2,78,322,2007,113,6.1,155078,70.08,51
921,1,377,297,2010,97,6.4,67801,0.12,62
922,1,82,411,2015,93,6.3,31651,3.64,32
923,3,67,427,2009,102,6.4,152808,64.15,48
924,1,256,249,2015,103,6.8,57921,27.29,38
925,1,66,55,2006,154,6.1,246797,200.07,72
926,2,54,246,2011,117,4.9,190244,281.28,45
927,5,313,143,2009,110,7.3,91623,47.54,79
928,5,191,287,2015,110,5.9,7475,0.02,23
929,3,76,430,2016,86,6.1,3843,61.66,86
930,5,402,335,2012,144,7.1,112902,16.38,72.1889784154039
931,3,91,239,2011,113,5.9,39380,51.78,58
932,5,417,75,2014,107,6.8,92170,50.46,46
933,5,202,92,2016,97,5.4,924,3.85,52
935,3,33,370,2016,120,6.2,4669,0.22,82
936,1,4,420,2006,108,6.6,137502,148.21,66
938,3,220,342,2010,96,6.8,64535,0.32,50
939,1,425,184,2016,108,7.3,14689,32.36,83
940,5,232,151,2009,109,7.4,279694,83.81,11.3236878166011
942,2,123,246,2010,124,4.9,192740,300.52,58
944,3,337,30,2011,106,6.1,62095,13.99,35
945,1,124,416,2013,119,6.4,132098,42,49
948,4,292,147,2016,91,5.6,3990,0.03,48
949,1,327,176,2013,100,4.9,166512,60.52,33
950,2,296,177,2016,80,6.1,2417,0.15,69
951,3,21,400,2015,105,7.8,92076,6.74,74
952,3,16,151,2011,115,7.3,211348,82.62,84
953,3,359,376,2010,146,4.3,62403,95.33,27
954,2,277,320,2013,95,7.2,65653,1.29,61
955,1,404,193,2008,105,6.4,173731,36.06,43
956,3,504,427,2014,94,6.2,81823,26.05,36
957,1,456,331,2010,100,5.2,84158,40.17,32
958,4,108,178,2012,109,7.7,192190,40.98,68
959,1,350,240,2014,117,6.2,73567,30.69,40
960,4,401,220,2006,110,7.8,271940,22.49,53
961,4,105,183,2013,101,7,97141,2.32,61
962,5,395,118,2015,101,5.9,10220,0.01,59
964,4,481,375,2010,108,6.3,60133,0.09,27
965,5,221,418,2016,104,6.9,280,2.21,72
966,5,117,252,2006,180,7,44227,1.74,67.8649650818204
967,2,243,250,2016,122,6.7,1810,152.64,70
968,2,435,218,2015,123,7.3,92378,10.14,65.6690988345041
969,1,363,31,2015,83,3.5,1210,8.1,37
970,1,183,215,2013,150,6.5,190855,89.29,75.3488534488113
972,5,94,388,2007,105,6.9,193491,80.05,59.313503751073
973,3,5,223,2012,123,5.9,64513,38.51,47
976,3,307,318,2016,94,6,20966,59.57,37
977,5,179,72,2015,113,6.2,31634,1.66,39
978,3,320,189,2016,92,5,2229,190.87,38
979,5,523,315,2016,97,7,10658,191.45,48
980,5,405,39,2011,120,7.6,108772,3.19,70
982,3,519,339,2014,118,5.3,27312,85.91,33
983,5,291,133,2007,133,7.4,95172,24.34,56
984,3,325,179,2014,104,6.5,112729,82.39,30
985,2,57,399,2015,111,6.8,21405,42.65,47
986,2,114,98,2011,102,5.6,87904,21.56,31
988,5,464,145,2014,104,6.3,33688,23.39,30
991,1,398,348,2009,92,6.6,129708,45.8,44
992,5,1,100,2007,165,8.5,102697,1.2,42
993,3,354,409,2011,97,6.3,45419,6.92,52.3477613098244
994,1,404,307,2010,97,5.9,140900,60.13,37
995,3,384,400,2012,88,6.7,164088,54.72,48
996,4,55,74,2015,111,6.2,27585,30,45
998,5,270,355,2008,98,6.2,70699,58.01,50
999,2,451,7,2014,93,5.6,4881,200.07,22
1000,3,47,241,2016,87,5.3,12435,19.64,11
