"Rank","Genre","Director","Actors","Year","Runtime_Minutes","Rating","Votes","Revenue_Millions","Metascore"
1,1,265,"Chris Pratt",2014,121,8.1,757074,333.13,76
2,2,515,"Noomi Rapace",2012,124,7,485820,126.46,65
3,8,389,"James McAvoy",2016,117,7.3,157606,138.12,62
4,3,105,"Matthew McConaughey,Reese Witherspoon",2016,108,7.2,60545,270.32,59
5,1,136,"Will Smith",2016,123,6.2,393727,325.02,40
6,1,637,"Matt Damon",2016,103,6.1,56036,45.13,42
7,5,123,"Ryan Gosling",2016,128,8.3,258682,151.06,93
8,5,555,"Essie Davis",2016,89,6.4,2490,NA,71
9,1,264,"Charlie Hunnam",2016,141,7.1,7188,8.01,78
10,2,446,"Jennifer Lawrence",2016,116,7,192177,100.01,41
11,2,155,"Eddie Redmayne",2016,133,7.5,232072,234.02,66
12,4,600,"Taraji P. Henson",2016,127,7.8,93103,169.27,74
13,1,204,"Felicity Jones",2016,133,7.9,323118,532.17,65
14,3,531,"Auli'i Cravalho",2016,107,7.7,118151,248.75,81
15,1,447,"Anne Hathaway",2016,109,6.4,8612,2.87,70
16,3,98,"Louis C.K.",2016,87,6.6,120259,368.31,61
17,4,418,"Andrew Garfield",2016,139,8.2,211760,67.12,71
18,1,481,"Matt Damon",2016,123,6.7,150823,162.16,58
19,4,206,"Dev Patel",2016,118,8.1,102061,51.69,69
20,7,158,"Amy Adams",2016,116,8,340798,100.5,81
21,2,578,"Matthew McConaughey",2016,120,6.7,19053,7.22,49
22,7,361,"Casey Affleck",2016,137,7.9,134213,47.7,96
23,6,65,"Emma Booth",2016,108,6.7,1115,NA,72
24,3,623,"Anna Kendrick",2016,92,6.5,38552,153.69,56
25,1,528,"Liam Hemsworth",2016,120,5.3,127553,103.14,32
26,5,165,"Fiona Gordon",2016,83,6.8,222,NA,NA
27,1,540,"Prabhas",2015,159,8.3,76193,6.5,NA
28,8,498,"Jocelin Donahue",2016,99,4.7,523,0.01,NA
29,5,323,"Mila Kunis",2016,100,6.2,66540,113.08,60
30,1,350,"Michael Fassbender",2016,115,5.9,112813,54.65,36
31,5,308,"Zoey Deutch",2016,111,6.3,48123,60.31,39
32,7,610,"Amy Adams",2016,116,7.5,126030,10.64,67
33,1,83,"James McAvoy",2016,144,7.1,275510,155.33,52
34,1,605,"Ryan Reynolds",2016,108,8,627797,363.02,65
35,1,485,"Milla Jovovich",2016,107,5.6,46165,26.84,49
36,1,45,"Chris Evans",2016,147,7.9,411656,408.08,75
37,2,108,"Matthew McConaughey",2014,169,8.6,1047747,187.99,74
38,1,548,"Benedict Cumberbatch",2016,115,7.6,293732,232.6,72
39,1,46,"Denzel Washington",2016,132,6.9,122853,93.38,54
40,5,478,"John Francis Daley",2007,113,7.1,241,NA,NA
41,3,229,"Seth Rogen",2016,89,6.3,120690,97.66,66
42,7,58,"Mahershala Ali",2016,111,7.5,135095,27.85,99
43,8,563,"Brittany Blanton",2016,73,2.7,496,NA,NA
44,4,312,"Michael Keaton",2016,115,7.2,37033,12.79,66
45,7,508,"Gabriel Chavarria",2016,99,6.3,279,4.21,57
46,1,518,"Johnny Depp",2011,136,6.7,395025,241.06,45
47,7,314,"Jessica Chastain",2016,132,7.3,17818,3.44,64
48,2,550,"Hermione Corfield",2016,91,5.6,5103,NA,NA
49,1,351,"Chris Pine",2016,122,7.1,164567,158.8,68
50,7,556,"Charlize Theron",2016,130,3.7,987,NA,16
51,1,252,"Daisy Ridley",2015,136,8.1,661608,936.63,81
52,1,42,"Kate Beckinsale",2016,91,5.8,41362,30.35,23
53,5,205,"Jennifer Aniston",2016,118,5.6,20221,32.46,18
54,1,92,"Keanu Reeves",2014,101,7.2,321933,43,68
55,1,108,"Christian Bale",2008,152,9,1791916,533.32,82
56,2,409,"Andrew Garfield",2016,161,7.3,49190,7.08,79
57,6,190,"Stephen Lang",2016,88,7.2,121103,89.21,71
58,7,599,"Emilia Clarke",2016,106,7.4,113322,56.23,51
59,5,382,"Gemma Arterton",2016,117,7,3739,3.18,76
60,4,112,"Tom Hanks",2016,96,7.5,137608,125.07,74
61,1,639,"Ben Affleck",2016,151,6.7,472307,330.25,44
62,8,28,"Brian Cox",2016,86,6.8,35870,NA,65
63,6,592,"Emily Blunt",2016,112,6.5,102177,75.31,48
64,7,543,"Dakota Johnson",2015,125,4.1,244474,166.15,46
65,7,108,"Christian Bale",2006,130,8.5,913152,53.08,66
66,1,414,"Colin Firth",2014,129,7.7,440209,128.25,58
67,7,490,"Mark Wahlberg",2016,133,7.4,39784,31.86,69
68,1,217,"Tom Hardy",2015,120,8.1,632842,153.63,90
69,7,526,"Bryan Cranston",2016,106,7.5,291,0.01,61
70,1,490,"Mark Wahlberg",2016,107,7.2,89849,61.28,68
71,7,596,"Oscar Isaac",2016,133,5.9,149791,NA,49
72,1,525,"Brad Pitt",2016,124,7.1,78079,40.07,60
73,7,250,"Lewis MacDougall",2016,108,7.5,39134,3.73,76
74,7,142,"Will Smith",2016,97,6.8,43977,30.98,23
75,3,85,"Ginnifer Goodwin",2016,108,8.1,296853,341.26,78
76,1,224,"Johnny Depp",2007,169,7.1,498821,309.4,50
77,1,341,"Robert Downey Jr.",2012,143,8.1,1045588,623.28,69
78,2,503,"Brad Pitt",2009,153,8.3,959065,120.52,69
79,1,224,"Johnny Depp",2006,151,7.3,552027,423.03,53
80,1,480,"Melissa McCarthy",2016,116,5.3,147717,128.34,60
81,1,108,"Leonardo DiCaprio",2010,148,8.8,1583625,292.57,74
82,5,412,"Viggo Mortensen",2016,118,7.9,105081,5.88,72
83,4,409,"Leonardo DiCaprio",2013,180,8.2,865134,116.87,75
84,6,141,"Ben Affleck",2014,149,8.1,636243,167.74,79
85,1,271,"Vin Diesel",2015,137,7.2,301249,350.03,67
86,1,114,"Chris Pratt",2015,124,7,455169,652.18,59
87,6,61,"Ben Affleck",2016,129,6.4,27869,10.38,49
88,1,261,"Sam Worthington",2009,162,7.8,935408,760.51,83
89,6,503,"Samuel L. Jackson",2015,187,7.8,341170,54.12,68
90,1,214,"Ben Affleck",2016,128,7.4,162122,86.2,51
91,6,158,"Hugh Jackman",2013,153,8.1,431185,60.96,74
92,1,171,"Travis Fimmel",2016,123,7,187547,47.17,32
93,7,592,"Emma Stone",2011,146,8.1,342429,169.71,62
94,5,608,"Jonah Hill",2016,114,7.1,106463,43.02,57
95,1,341,"Robert Downey Jr.",2015,141,7.4,516895,458.99,66
96,1,561,"Russell Crowe",2016,116,7.4,175067,36.25,70
97,3,390,"Ryûnosuke Kamiki",2016,106,8.6,34110,4.68,79
98,8,290,"Aaron Poole",2016,90,5.8,9247,0.15,62
99,7,465,"Kristen Stewart",2016,105,6.3,10181,1.29,77
100,6,409,"Leonardo DiCaprio",2006,151,8.5,937414,132.37,85
101,4,79,"Tom Hardy",2015,132,7,108836,1.87,55
102,1,360,"Chris Hemsworth",2011,115,7,570814,181.02,57
103,2,515,"Matt Damon",2015,144,8,556097,228.43,80
104,6,468,"Mario Casas",2016,106,7.9,7204,NA,NA
105,1,235,"Henry Cavill",2015,116,7.3,202973,45.43,56
106,6,147,"Chris Pine",2016,102,7.7,115546,26.86,88
107,5,593,"Robert De Niro",2016,120,5.4,1954,1.66,40
108,1,155,"Alexander Skarsgård",2016,110,6.3,117590,126.59,44
109,7,356,"Eve Lindley",2016,105,5.8,1004,NA,48
110,7,16,"Alicia Vikander",2014,108,7.7,339797,25.44,78
111,1,227,"John Gallagher Jr.",2016,89,6.3,3712,10.16,44
112,4,580,"Chiwetel Ejiofor",2013,134,8.1,486338,56.67,96
114,1,639,"Gerard Butler",2006,117,7.7,637104,210.59,52
115,2,155,"Daniel Radcliffe",2011,130,8.1,590595,380.96,87
116,5,339,"Jason Bateman",2016,105,5.8,30761,54.73,42
117,8,458,"Elle Fanning",2016,118,6.2,50359,1.33,51
118,1,462,"Aamir Khan",2016,161,8.8,48969,11.15,NA
119,7,130,"John Goodman",2016,104,7.2,192968,71.9,76
120,3,34,"Ellen DeGeneres",2016,97,7.4,157026,486.29,77
121,2,603,"Eva Green",2016,127,6.7,101058,87.24,57
122,2,452,"Shailene Woodley",2014,139,6.7,362093,150.83,48
123,2,257,"Zac Efron",2016,98,6,53183,46.01,51
124,1,609,"Scott Adkins",2016,86,7.4,10428,NA,NA
125,1,108,"Christian Bale",2012,164,8.5,1222645,448.13,78
126,2,320,"Neel Sethi",2016,106,7.5,198243,364,77
127,1,420,"Mark Wahlberg",2014,165,5.7,255483,245.43,32
128,2,239,"Emma Roberts",2016,96,6.6,69651,38.56,58
129,5,500,"Meryl Streep",2008,108,6.4,153481,143.7,51
130,2,14,"Leonardo DiCaprio",2015,156,8,499424,183.64,76
131,7,161,"Denzel Washington",2016,139,7.3,50953,57.64,79
132,2,518,"Anna Kendrick",2014,125,6,109756,128,69
133,7,280,"Blake Lively",2016,86,6.4,78328,55.12,59
134,7,123,"Miles Teller",2014,107,8.5,477276,13.09,88
135,1,351,"Vin Diesel",2013,130,7.1,318051,238.67,61
136,6,162,"Ryan Gosling",2012,140,7.3,200090,21.38,68
137,6,184,"Tommy Lee Jones",2007,122,8.1,660286,74.27,91
138,7,60,"Leonardo DiCaprio",2013,143,7.3,386102,144.81,55
139,9,409,"Leonardo DiCaprio",2010,138,8.1,855604,127.97,63
140,9,407,"Dakota Fanning",2016,148,7.1,13004,NA,44
141,1,252,"Chris Pine",2009,127,8,526324,257.7,82
142,5,602,"Zachary Gordon",2010,94,6.2,34184,64,56
143,4,4,"Christian Bale",2015,130,7.8,246360,70.24,81
144,7,377,"Brie Larson",2015,118,8.2,224132,14.68,86
145,7,503,"Jamie Foxx",2012,165,8.4,1039115,162.8,81
146,7,93,"Min-hee Kim",2016,144,8.1,33418,2.01,84
147,5,357,"Hailee Steinfeld",2016,104,7.4,47694,14.26,77
148,1,639,"Jackie Earle Haley",2009,162,7.6,410249,107.5,56
149,5,228,"Michael Cera",2007,113,7.6,442082,121.46,76
150,1,532,"Tom Hanks",2016,121,6.2,97623,34.26,42
151,2,587,"Mark Rylance",2016,117,6.4,50853,55.47,66
152,2,208,"Jennifer Lawrence",2012,142,7.2,735604,408,68
153,7,178,"Morgan Saylor",2016,88,5.8,4299,0.2,65
154,1,158,"Emily Blunt",2015,121,7.6,243230,46.88,82
155,7,146,"Chris Isaak",2014,91,8.1,1973,NA,NA
156,1,113,"Reiko Aylesworth",2007,94,4.7,97618,41.8,29
157,1,233,"Idris Elba",2013,131,7,400519,101.79,64
158,5,223,"Steve Carell",2011,118,7.4,396714,84.24,68
159,1,173,"Michael Cera",2010,112,7.5,291457,31.49,69
160,1,173,"Simon Pegg",2007,121,7.9,373244,23.62,81
161,10,188,"Armie Hammer",2016,106,6,5926,NA,40
162,1,64,"Sharlto Copley",2016,90,7,6946,1.8,63
163,1,83,"Patrick Stewart",2014,132,8,552298,233.91,74
164,1,174,"Tom Cruise",2016,118,6.1,78043,58.4,47
165,1,406,"Daniel Craig",2006,144,8,495106,167.01,80
166,7,90,"Kristen Stewart",2008,122,5.2,361449,191.45,56
167,1,324,"Jesse Eisenberg",2016,129,6.5,156567,65.03,46
168,4,566,"Helen Mirren",2015,109,7.3,39723,33.31,51
169,1,420,"John Krasinski",2016,144,7.3,76935,52.82,48
170,1,541,"Daniel Craig",2015,148,6.8,308981,200.07,60
171,6,126,"Jake Gyllenhaal",2014,118,7.9,332476,32.28,76
172,3,620,"Charlize Theron",2016,101,7.9,72778,48.02,84
173,2,253,"Graham Skipper",2016,84,5.2,2127,NA,59
174,7,572,"Joaquin Phoenix",2013,126,8,390531,25.56,90
175,3,94,"Kristen Bell",2013,102,7.5,451894,400.74,74
176,1,74,"George Clooney",2015,130,6.5,143069,93.42,60
177,1,411,"Gary Oldman",2014,130,7.6,337777,208.54,79
178,1,63,"Ben Stiller",2008,107,7,321442,110.42,71
179,8,271,"Vera Farmiga",2016,134,7.4,137203,102.46,65
180,1,494,"Paul Rudd",2015,117,7.3,368912,180.19,64
181,5,562,"Renée Zellweger",2016,118,6.7,43086,24.09,59
182,8,520,"Anya Taylor-Joy",2015,92,6.8,101781,25.14,83
183,7,360,"Lily James",2015,105,7,117018,201.15,67
185,7,52,"Taraneh Alidoosti",2016,124,8,22389,3.4,85
186,7,211,"Aomi Muyock",2015,135,6,24003,NA,51
187,7,39,"Joe Alwyn",2016,113,6.3,11944,1.72,53
188,7,233,"Mia Wasikowska",2015,119,6.6,97454,31.06,66
189,6,458,"Ryan Gosling",2011,100,7.8,461509,35.05,78
190,5,344,"Amy Schumer",2015,125,6.3,106364,110.01,75
191,7,162,"Michael Fassbender",2016,133,7.2,27382,12.53,60
192,7,48,"Erika Linder",2016,94,5.6,1445,NA,42
193,6,613,"Mark Ruffalo",2015,128,8.1,268282,44.99,93
194,8,387,"Kate Mara",2016,92,5.8,22107,3.91,48
195,1,214,"Tom Hardy",2011,140,8.2,355722,13.65,71
196,1,300,"Chris Evans",2011,124,6.9,547368,176.64,66
197,6,9,"Callan McAuliffe",2016,95,6.3,3799,NA,NA
198,2,556,"Emile Hirsch",2007,148,8.1,459304,18.35,73
199,4,446,"Benedict Cumberbatch",2014,114,8.1,532353,91.12,73
200,1,506,"Dwayne Johnson",2016,107,6.3,97082,127.38,52
201,1,168,"Tom Cruise",2014,113,7.9,471815,100.19,71
202,7,224,"Dane DeHaan",2016,146,6.5,12193,8.1,47
203,4,464,"Joseph Gordon-Levitt",2016,134,7.3,79855,21.48,58
204,1,320,"Robert Downey Jr.",2008,126,7.9,737719,318.3,79
205,1,523,"Shailene Woodley",2016,120,5.7,70504,66,33
206,1,414,"James McAvoy",2011,132,7.8,550011,146.41,65
207,7,345,"Garance Marillier",2016,99,7.5,5435,0.51,81
208,5,294,"Adam Driver",2016,118,7.5,26089,2.14,90
209,5,480,"Kristen Wiig",2011,125,6.8,227912,169.08,75
210,7,115,"Gemma Arterton",2016,111,6.7,23713,NA,67
211,1,76,"Dwayne Johnson",2015,114,6.1,161396,155.18,43
212,7,238,"Vanessa Hudgens",2012,94,5.3,114290,14.12,63
213,1,420,"Shia LaBeouf",2007,144,7.1,531112,318.76,61
214,1,573,"Josh Brolin",2013,104,5.8,54679,NA,49
215,1,11,"Chris Hemsworth",2013,112,7,443584,206.36,54
216,1,17,"Brenton Thwaites",2016,126,5.5,73568,31.14,25
217,1,45,"Chris Evans",2014,136,7.8,542362,259.75,70
218,1,100,"Lucas Till",2016,104,5.7,7044,33.04,41
219,7,380,"Mark Huberman",2016,100,6.1,1703,NA,67
220,1,414,"Aaron Taylor-Johnson",2010,117,7.7,456749,48.04,66
221,1,247,"Sharlto Copley",2015,96,6.7,61098,9.24,51
222,3,311,"Owen Wilson",2006,117,7.1,283445,244.05,73
223,8,150,"Maika Monroe",2014,100,6.9,136399,14.67,83
224,6,141,"Daniel Craig",2011,158,7.8,348551,102.52,71
225,5,506,"Jason Sudeikis",2013,110,7,334867,150.37,44
226,7,29,"Sasha Lane",2016,163,7,19660,0.66,79
227,5,638,"Colin Farrell",2015,119,7.1,121313,8.7,82
228,1,461,"Adrien Brody",2010,107,6.4,179450,52,51
229,1,524,"Angelina Jolie",2014,97,7,268877,241.41,56
230,8,585,"Noomi Rapace",2016,102,4.8,2382,NA,35
231,7,233,"Ivana Baquero",2006,118,8.2,498879,37.62,98
232,6,37,"Patrick Wilson",2016,95,5.2,3305,0,50
233,1,418,"Gerardo Taracena",2006,139,7.8,247926,50.86,68
234,1,107,"Tom Cruise",2015,131,7.4,257472,195,75
235,1,91,"Chris Hemsworth",2016,114,6.1,66766,47.95,35
236,7,575,"Logan Lerman",2012,102,8,377336,17.74,67
237,4,470,"Natalie Portman",2016,100,6.8,41446,13.96,81
238,7,121,"Kate Beckinsale",2016,85,3.9,4895,2.41,31
239,2,627,"Ralph Fiennes",2014,99,8.1,530881,59.07,88
240,1,33,"Saoirse Ronan",2013,125,5.9,96852,26.62,35
241,1,136,"Brad Pitt",2014,134,7.6,332234,85.71,64
242,3,487,"Amy Poehler",2015,95,8.2,416689,356.45,94
243,3,53,"Luke Wilson",2016,90,5.8,1109,9.4,48
244,1,11,"Arnold Schwarzenegger",2015,126,6.5,205365,89.73,38
245,2,95,"Logan Lerman",2010,118,5.9,148949,88.76,47
246,7,612,"Hugh Jackman",2012,158,7.6,257426,148.78,63
247,7,23,"Julianne Moore",2006,109,7.9,382910,35.29,84
248,5,441,"Annette Bening",2016,119,7.4,14708,5.66,83
249,1,480,"Melissa McCarthy",2015,119,7.1,188017,110.82,75
250,4,467,"François Cluzet",2011,112,8.6,557965,13.18,57
251,5,175,"Diane Lane",2016,92,4.9,178,0.32,50
252,7,638,"Christos Stergioglou",2009,94,7.3,50946,0.11,73
253,4,187,"O'Shea Jackson Jr.",2015,147,7.9,139831,161.03,72
254,1,394,"Andrew Garfield",2014,142,6.7,342183,202.85,53
255,8,271,"Patrick Wilson",2013,112,7.5,330305,137.39,68
256,5,608,"Zach Galifianakis",2009,100,7.8,611563,277.31,73
257,1,490,"Alexander Skarsgård",2012,131,5.8,210349,65.17,41
258,1,536,"James Franco",2011,105,7.6,422290,176.74,68
259,8,140,"Teresa Palmer",2016,81,6.4,69823,67.24,58
260,7,335,"Richard Gere",2016,118,7.1,664,2.27,76
261,5,14,"Michael Keaton",2014,119,7.8,440299,42.34,88
262,7,134,"Natalie Portman",2010,108,8,581518,106.95,79
263,5,352,"Tyler James Williams",2014,108,6.2,21715,4.4,79
264,7,371,"Charlotte Gainsbourg",2013,117,7,90556,0.79,64
265,1,135,"Megan Fox",2016,112,6,59312,0.54,40
266,7,176,"Keanu Reeves",2015,99,4.9,53441,0.03,53
267,5,128,"Robert De Niro",2016,102,6,75137,35.54,18
268,7,616,"Tom Hanks",2012,172,7.5,298651,27.1,55
269,1,213,"Hugh Jackman",2009,107,6.7,388447,179.88,40
270,8,287,"Sarah Hyland",2016,85,3.7,2384,NA,NA
271,1,541,"Daniel Craig",2012,143,7.8,547386,304.36,81
272,2,492,"Martin Freeman",2012,169,7.9,668651,303,58
273,1,496,"Jonah Hill",2012,110,7.2,432046,138.45,69
274,5,304,"Ferdia Walsh-Peelo",2016,106,8,52144,3.23,79
275,3,180,"Elle Fanning",2016,89,6.8,4729,NA,NA
276,1,337,"Tom Cruise",2013,124,7,410125,89.02,54
277,1,496,"Channing Tatum",2014,112,7.1,280110,191.62,71
278,6,141,"Jake Gyllenhaal",2007,157,7.7,329683,33.05,78
279,5,512,"Blake Jenner",2016,117,7,36312,3.37,83
280,1,561,"Robert Downey Jr.",2013,130,7.2,591023,408.99,62
281,6,383,"Jesse Eisenberg",2013,115,7.3,492324,117.7,50
282,1,235,"Robert Downey Jr.",2009,128,7.6,501769,209.02,57
283,10,503,"Kurt Russell",2007,113,7.1,220236,NA,NA
284,4,612,"Eddie Redmayne",2015,119,7,110773,12.71,66
285,1,78,"Dwayne Johnson",2014,98,6,122838,72.66,47
286,1,639,"Emily Browning",2011,110,6.1,204874,36.38,33
287,1,228,"Zach Galifianakis",2016,105,5.8,30405,14.9,34
288,1,369,"Channing Tatum",2015,127,5.3,150121,47.38,40
289,1,276,"Zach Galifianakis",2016,95,5.8,26508,17.36,47
290,10,258,"Romain Duris",2016,99,6.1,726,NA,NA
291,1,544,"Yoo Gong",2016,118,7.5,58782,2.13,72
292,5,278,"Anna Kendrick",2012,112,7.2,226631,65,66
293,5,456,"Seth Rogen",2016,92,5.7,76327,55.29,58
294,7,144,"Lily James",2016,107,7.7,96,NA,NA
295,1,639,"Henry Cavill",2013,143,7.1,577010,291.02,55
296,7,533,"Benjamin Walker",2016,111,6.6,20514,18.71,26
297,3,443,"Ray Romano",2016,94,5.7,34523,64.06,34
298,5,142,"Anne Hathaway",2006,109,6.8,302268,124.73,62
299,4,75,"Bryan Cranston",2016,127,7.1,43929,15.43,66
300,7,483,"Daniel Day-Lewis",2007,158,8.1,400682,40.22,92
301,1,46,"Denzel Washington",2014,132,7.2,249425,101.53,57
302,1,490,"Mark Wahlberg",2013,121,7.5,218996,125.07,60
303,8,170,"Kristen Connolly",2012,95,7,295554,42.04,72
304,5,201,"Anna Faris",2008,97,5.5,67033,48.24,55
305,5,293,"Jay Baruchel",2010,104,6.4,105619,31.58,46
306,5,483,"Joaquin Phoenix",2014,148,6.7,69509,8.09,81
307,2,260,"Mia Wasikowska",2016,113,6.2,57207,77.04,34
308,6,207,"Emile Hirsch",2016,110,5.5,403,NA,NA
309,1,351,"Lucas Black",2006,104,6,193479,62.49,45
310,5,103,"Dakota Johnson",2016,110,6.1,59886,46.81,51
311,4,312,"Quinton Aaron",2009,129,7.7,237221,255.95,53
312,7,2,"Léa Seydoux",2013,180,7.8,103150,2.2,88
313,7,289,"Essie Davis",2014,93,6.8,132580,0.92,86
314,2,492,"Ian McKellen",2014,144,7.4,385598,255.11,59
315,2,155,"Daniel Radcliffe",2007,138,7.5,385325,292,71
316,1,73,"Chris Evans",2013,126,7,199048,4.56,84
317,1,249,"Chloë Grace Moretz",2016,112,5.2,73093,34.91,33
318,1,124,"Connor Paolo",2016,81,5.3,1263,NA,NA
319,5,389,"Olivia DeJonge",2015,94,6.2,81429,65.07,55
320,1,351,"Vin Diesel",2011,131,7.3,300803,209.81,66
321,6,43,"Channing Tatum",2006,104,6.5,95960,65.27,48
322,7,570,"Riley Keough",2016,84,6.4,616,0.01,74
323,1,235,"Gerard Butler",2008,114,7.3,203096,5.69,53
324,1,33,"Justin Timberlake",2011,109,6.7,319025,37.55,53
325,4,141,"Jesse Eisenberg",2010,120,7.7,510100,96.92,95
326,1,77,"Vin Diesel",2015,106,6,71149,27.36,34
327,7,482,"Daniel Radcliffe",2015,110,6,37975,5.77,36
328,4,527,"Luke Treadaway",2016,103,7.4,12643,0.04,54
329,6,291,"Anton Yelchin",2015,95,7,62885,3.22,79
330,6,428,"Chris Hemsworth",2015,133,5.4,43085,7.1,51
331,3,456,"Andy Samberg",2016,87,6.9,34248,72.66,56
332,1,112,"Bradley Cooper",2014,133,7.3,353305,350.12,72
333,4,282,"Matthew McConaughey",2013,117,8,352801,27.3,84
334,4,587,"Daniel Day-Lewis",2012,150,7.4,207497,182.2,86
335,1,532,"Daniel Brühl",2013,123,8.1,339722,26.9,75
336,7,439,"Kate Bosworth",2016,97,6.1,18201,NA,NA
337,5,148,"Bradley Cooper",2012,122,7.8,564364,132.09,81
338,7,22,"Alexi Pappas",2016,88,5.9,115,NA,64
339,7,338,"Shailene Woodley",2014,126,7.8,271301,124.87,69
340,5,198,"Adam Sandler",2014,117,6.5,93764,46.28,31
341,1,351,"Vin Diesel",2009,107,6.6,217464,155.02,46
342,1,507,"Joseph Gordon-Levitt",2012,119,7.4,452369,66.47,84
343,1,528,"Channing Tatum",2013,131,6.4,173320,73.1,52
344,2,145,"Bryce Dallas Howard",2016,102,6.8,36322,76.2,71
345,1,542,"Tobey Maguire",2007,139,6.2,406219,336.53,59
346,1,485,"Logan Lerman",2011,110,5.8,92329,20.32,35
347,2,414,"Charlie Cox",2007,127,7.7,220664,38.35,66
348,6,148,"Christian Bale",2013,138,7.3,379088,150.12,90
349,5,354,"Megan Fox",2009,102,5.1,96617,16.2,47
350,5,635,"Owen Wilson",2011,94,7.7,320323,56.82,81
351,7,634,"Florence Pugh",2016,89,7.3,1396,NA,83
352,7,148,"Jennifer Lawrence",2015,124,6.6,97679,56.44,56
353,5,297,"Kate Winslet",2015,119,7.1,33352,2.02,47
354,5,635,"Jesse Eisenberg",2016,96,6.7,45579,11.08,64
355,2,523,"Shailene Woodley",2015,119,6.3,171970,130,42
356,1,557,"Ben Barnes",2014,102,5.5,59958,17.18,30
357,5,245,"Omar Sy",2016,118,7.4,5496,NA,NA
358,4,268,"Eddie Redmayne",2014,123,7.7,299718,35.89,72
359,5,185,"James Franco",2013,107,6.6,327838,101.47,67
360,5,510,"Domhnall Gleeson",2013,123,7.8,221600,15.29,55
361,5,4,"Will Ferrell",2008,98,6.9,223065,100.47,51
362,8,326,"Andy Powers",2014,100,5.7,14248,0.05,42
363,1,252,"Chris Pine",2013,132,7.8,417663,228.76,72
364,2,534,"Jesse Eisenberg",2009,88,7.7,409403,75.59,73
365,5,184,"Josh Brolin",2016,106,6.3,89059,30,72
366,7,133,"Dev Patel",2008,120,8,677044,141.32,86
367,2,68,"Kristen Stewart",2012,115,5.5,194329,292.3,52
368,7,18,"William Fichtner",2016,117,6.9,286,NA,NA
369,1,394,"Andrew Garfield",2012,136,7,474320,262.03,66
370,1,606,"Jack Huston",2016,123,5.7,28326,26.38,38
371,1,251,"Jacob Latimore",2016,89,6,702,3.85,62
372,1,628,"Dylan O'Brien",2014,113,6.8,335531,102.41,57
373,1,50,"Kevin Costner",2016,113,6.3,38430,14.27,36
374,1,606,"Angelina Jolie",2008,110,6.7,312495,134.57,64
375,4,577,"Meryl Streep",2016,111,6.9,31776,27.37,71
376,1,179,"Nicholas Hoult",2016,99,5.7,7583,2.2,33
377,4,547,"Johnny Depp",2015,123,6.9,135706,62.56,68
378,7,537,"Michael B. Jordan",2015,133,7.6,175673,109.71,82
379,2,127,"Paul Dano",2016,97,7.1,61812,4.21,64
380,1,477,"Sylvester Stallone",2014,126,6.1,137568,39.29,35
381,5,288,"Jemaine Clement",2014,86,7.6,84016,3.33,76
382,7,46,"Jake Gyllenhaal",2015,124,7.4,169083,52.42,57
383,8,439,"John Gallagher Jr.",2016,81,6.6,45867,NA,67
384,7,587,"Tom Hanks",2015,142,7.6,217938,72.31,81
385,3,496,"Chris Pratt",2014,100,7.8,266508,257.76,83
386,1,57,"Jason Clarke",2015,121,7.1,154647,43.25,64
387,1,95,"Adam Sandler",2015,105,5.6,101092,78.75,27
388,1,515,"Russell Crowe",2010,140,6.7,221117,105.22,53
389,1,267,"Hugh Jackman",2013,126,6.7,355362,132.55,60
390,1,34,"Taylor Kitsch",2012,132,6.6,220667,73.06,51
391,1,489,"Keegan-Michael Key",2016,100,6.3,31913,20.57,63
392,1,502,"Sean Penn",2015,115,5.8,31194,10.64,39
393,4,133,"Michael Fassbender",2015,122,7.2,116112,17.75,82
394,5,221,"Tim Pigott-Smith",2016,98,5,102,NA,43
395,5,159,"Adam Sandler",2013,101,5.4,114482,133.67,19
396,7,374,"Blake Lively",2015,112,7.2,112288,42.48,51
397,1,383,"Edward Norton",2008,112,6.8,342355,134.52,61
398,5,491,"Vince Vaughn",2009,113,5.5,86417,109.18,23
399,5,598,"Simon Pegg",2015,85,6,26587,NA,31
400,5,586,"Channing Tatum",2012,110,6.1,113686,113.71,72
401,3,367,"Sandra Bullock",2015,91,6.4,159830,336.03,56
402,8,529,"Natasha Henstridge",2016,91,3.9,240,NA,71
403,1,458,"Tom Hardy",2008,92,7.1,93972,0.1,NA
404,3,501,"Steve Carell",2010,95,7.7,410607,251.5,72
405,7,426,"James Marsden",2014,118,6.7,49041,26.76,29
406,7,354,"Logan Marshall-Green",2015,100,6.7,40529,0.23,74
407,7,355,"Jessica Chastain",2012,157,7.4,226661,95.72,95
408,3,450,"Mandy Moore",2010,100,7.8,316459,200.81,71
409,1,195,"Jennifer Lawrence",2015,137,6.6,202380,281.67,65
410,2,307,"Ed Helms",2015,99,6.1,74589,58.88,34
411,1,502,"Liam Neeson",2008,93,7.8,502961,145,50
412,5,177,"Anna Kendrick",2015,115,6.5,108306,183.44,63
413,3,129,"Billy Crystal",2013,104,7.3,252119,268.49,65
414,6,484,"Isabelle Huppert",2016,130,7.2,35417,NA,89
415,1,160,"Jason Statham",2016,98,5.6,48161,21.2,38
416,5,363,"Justin Long",2014,102,5.4,34546,1.82,55
417,7,405,"Alison Brie",2016,108,6.9,164,NA,85
418,7,301,"Keira Knightley",2007,123,7.8,202890,50.92,NA
419,2,155,"Daniel Radcliffe",2010,146,7.7,357213,294.98,65
420,7,580,"Michael Fassbender",2011,101,7.2,155010,4,72
421,1,301,"Saoirse Ronan",2011,111,6.8,164208,40.25,65
422,7,151,"Lauren Birkell",2007,88,5.7,8914,0.04,35
423,1,84,"Lily James",2016,108,5.8,35003,10.91,45
424,1,463,"Sullivan Stapleton",2014,102,6.2,237887,106.37,48
425,1,56,"Gerard Butler",2016,99,5.9,100702,62.4,28
426,7,141,"Brad Pitt",2008,166,7.8,485075,127.49,70
427,1,200,"Mickey Rourke",2014,102,6.5,122185,13.75,46
428,1,481,"Matt Damon",2007,115,8.1,525700,227.14,85
429,8,574,"Srdjan 'Zika' Todorovic",2010,104,5.2,43648,NA,55
430,1,262,"Frank Grillo",2016,109,6,54216,79,NA
431,5,505,"Aamir Khan",2009,170,8.4,238789,6.52,67
432,5,63,"Ben Stiller",2016,102,4.7,48297,28.84,34
433,1,393,"Brad Pitt",2013,116,7,494819,202.35,63
434,1,74,"Tom Cruise",2011,132,7.4,382459,209.36,73
435,1,116,"Marilyn Manson",2016,102,6.4,223,NA,56
436,5,325,"James McAvoy",2013,97,7.1,81301,0.03,NA
437,7,219,"Scott Eastwood",2015,123,7.1,58421,37.43,33
438,7,250,"Naomi Watts",2012,114,7.6,156189,19,73
439,1,286,"Aaron Taylor-Johnson",2013,103,6.6,214825,28.75,41
440,5,284,"Alex Karpovsky",2016,88,5.6,220,NA,63
441,2,542,"James Franco",2013,130,6.3,181521,234.9,44
442,7,305,"Saoirse Ronan",2015,117,7.5,94977,38.32,87
443,3,240,"Dakota Fanning",2009,100,7.7,156620,75.28,80
444,7,162,"Ryan Gosling",2010,112,7.4,151409,9.7,81
445,10,427,"Logan Paul",2016,81,6,4531,NA,31
446,2,104,"Radha Mitchell",2006,125,6.6,184152,46.98,NA
447,1,488,"Karl Urban",2012,95,7.1,213764,13.4,59
448,2,590,"Sam Neill",2016,101,7.9,52331,5.2,81
449,3,166,"Ryan Potter",2014,102,7.8,309186,222.49,74
450,7,364,"Chloë Grace Moretz",2013,100,5.9,113272,35.27,53
451,1,320,"Robert Downey Jr.",2010,124,7,556666,312.06,57
452,5,282,"Jake Gyllenhaal",2015,101,7,58720,1.82,49
453,1,102,"Dennis Quaid",2009,108,6.8,126656,10.33,28
454,1,46,"Gerard Butler",2013,119,6.5,214994,98.9,41
455,1,121,"Alex Pettyfer",2011,109,6.1,202682,55.09,36
456,7,601,"Mads Mikkelsen",2012,115,8.3,192263,0.61,76
457,5,43,"Sandra Bullock",2009,108,6.7,241709,163.95,48
458,5,183,"Will Ferrell",2015,100,6,95119,90.35,34
459,5,159,"Adam Sandler",2011,117,6.4,182069,103.03,33
460,7,541,"Leonardo DiCaprio",2008,119,7.3,159736,22.88,69
461,6,61,"Ben Affleck",2010,125,7.6,294553,92.17,74
462,8,633,"Lauren Cohan",2016,97,6,51235,35.79,42
463,4,434,"Rachel Weisz",2016,109,6.6,8229,4.07,63
464,7,432,"Ethan Hawke",2014,97,7.5,187760,NA,69
465,2,517,"Jack Black",2015,103,6.3,57602,80.02,60
466,1,235,"Robert Downey Jr.",2011,129,7.5,357436,186.83,48
467,1,499,"Angelina Jolie",2010,100,6.4,255813,118.31,65
468,9,158,"Jake Gyllenhaal",2013,91,6.9,111558,1.01,61
469,1,454,"Sharlto Copley",2009,112,8,556794,115.65,81
470,1,4,"Will Ferrell",2010,107,6.7,199900,119.22,64
471,4,515,"Denzel Washington",2007,157,7.8,337835,130.13,76
472,4,571,"Kirsten Dunst",2006,123,6.4,83941,15.96,65
473,1,528,"John Cusack",2009,158,5.8,297984,166.11,49
474,2,155,"Daniel Radcliffe",2009,153,7.5,351059,301.96,78
475,4,61,"Ben Affleck",2012,120,7.7,481274,136.02,86
476,4,163,"Taron Egerton",2016,106,7.4,56332,15.79,54
477,7,194,"Ulrich Mühe",2006,137,8.5,278103,11.28,89
478,8,87,"Dominic Monaghan",2016,94,5.7,8404,NA,48
479,7,26,"Alia Shawkat",2016,96,8.3,61,NA,71
480,7,350,"Michael Fassbender",2015,113,6.7,41642,NA,71
481,5,456,"Kristen Bell",2008,111,7.2,226619,62.88,67
482,7,499,"Brenton Thwaites",2014,97,6.5,93799,45.09,47
483,1,309,"Casey Affleck",2016,115,6.3,48400,12.63,52
484,5,472,"Giuseppe Battiston",2016,97,7.7,17584,NA,43
485,3,111,"Jason Sudeikis",2016,97,6.3,55781,107.51,NA
486,2,627,"Jared Gilman",2012,94,7.8,254446,45.51,84
487,5,5,"John Travolta",2007,117,6.7,102954,118.82,81
488,7,372,"Julianne Hough",2013,115,6.7,84765,71.35,34
489,5,223,"Will Smith",2015,105,6.6,166489,53.85,56
490,3,74,"Brad Garrett",2007,111,8,504039,206.44,96
491,7,295,"Connor Paolo",2010,98,6.5,36091,0.02,66
492,1,12,"Denzel Washington",2010,118,6.9,241359,94.82,53
493,1,411,"Mike Vogel",2008,85,7,313803,80.03,64
494,1,181,"Edgar Ramírez",2015,114,5.3,44553,28.77,34
495,7,328,"Scarlett Johansson",2013,108,6.3,94707,2.61,78
496,7,195,"Will Smith",2007,101,7.2,565721,256.39,65
497,1,59,"Will Smith",2012,106,6.8,278379,179.02,58
498,9,252,"Elle Fanning",2011,112,7.1,298913,126.98,72
499,6,187,"Gerard Butler",2009,109,7.4,228339,73.34,34
500,3,487,"Edward Asner",2009,96,8.3,722203,292.98,88
501,1,628,"Dylan O'Brien",2015,131,6.3,159364,81.69,43
502,7,607,"Cate Blanchett",2015,118,7.2,77995,0.25,95
503,6,132,"Daniel Radcliffe",2016,109,6.5,27428,NA,68
504,5,473,"Michael Caine",2015,124,7.3,52636,2.7,64
505,7,254,"Jared Leto",2009,141,7.9,166872,NA,63
506,6,488,"Riz Ahmed",2016,110,5.7,291,NA,54
507,6,464,"Aaron Taylor-Johnson",2012,131,6.5,107960,47.31,59
508,5,394,"Zooey Deschanel",2009,95,7.7,398972,32.39,76
509,5,177,"Emma Stone",2013,94,4.3,83625,8.83,18
510,7,23,"Sandra Bullock",2013,91,7.8,622089,274.08,96
511,7,400,"Asa Butterfield",2008,94,7.8,144614,9.03,55
512,1,46,"Mark Wahlberg",2007,124,7.2,267820,46.98,53
514,2,539,"Kurt Russell",2015,132,7.1,47289,66.01,72
515,5,231,"Channing Tatum",2015,115,5.7,42506,NA,60
516,5,631,"Emma Stone",2010,92,7.1,294950,58.4,72
517,1,515,"Christian Bale",2014,150,6,137299,65.01,52
518,1,454,"Sharlto Copley",2015,120,6.9,188769,31.57,41
519,2,492,"Ian McKellen",2013,161,7.9,513744,258.36,66
520,7,70,"Chiwetel Ejiofor",2013,111,6.2,1356,0.05,51
521,4,554,"Jamie Dornan",2016,120,7.2,24100,2.96,59
522,6,515,"Michael Fassbender",2013,117,5.3,84927,16.97,48
523,1,35,"Anton Adasinsky",2016,133,4.7,1830,23.05,57
524,4,223,"Tina Fey",2016,112,6.6,36156,NA,NA
525,6,152,"Clive Owen",2010,106,7,36043,0.06,60
526,1,218,"Billy Magnussen",2016,103,3.9,552,93.05,61
527,1,454,"Matt Damon",2013,109,6.6,358932,NA,NA
528,2,176,"Lorenza Izzo",2013,100,5.4,26461,7.19,38
529,1,204,"Aaron Taylor-Johnson",2014,123,6.4,318058,200.66,62
530,1,618,"Jeremy Renner",2012,135,6.7,245374,113.17,61
531,5,515,"Russell Crowe",2006,117,6.9,74674,7.46,47
532,8,568,"Alycia Debnam-Carey",2016,92,5.4,12758,64.03,59
533,1,619,"Denzel Washington",2006,126,7,253858,NA,NA
534,1,384,"Scarlett Johansson",2014,89,6.4,352698,126.55,61
535,4,594,"Cynthia Nixon",2016,125,7.2,1024,1.08,77
536,1,552,"Aaron Paul",2014,132,6.5,143389,43.57,39
537,1,107,"Tom Cruise",2012,130,7,250811,58.68,50
538,1,581,"Adam Sandler",2016,108,5.7,24761,0.54,22
539,6,21,"Jim Carrey",2016,92,7.3,198,NA,43
540,6,186,"Ewan McGregor",2016,108,6.1,7115,NA,NA
541,9,530,"Ewan McGregor",2010,128,7.2,137964,15.52,77
542,9,452,"Bradley Cooper",2011,105,7.4,444417,79.24,59
543,1,455,"James Badge Dale",2016,107,6.3,27042,NA,39
544,7,511,"Hilary Swank",2007,126,7.1,177247,53.68,NA
545,7,445,"Patrick Wilson",2015,103,5.7,4912,NA,39
546,7,285,"Michael Shannon",2016,112,6.7,54787,3.71,76
547,5,437,"Keegan-Michael Key",2016,92,6.8,10485,4.42,83
548,2,603,"Mia Wasikowska",2010,108,6.5,324898,334.19,53
549,4,497,"Elisabeth Moss",2016,98,6.8,391,0.11,68
550,7,359,"Dave Johns",2016,100,7.9,22941,NA,77
551,5,494,"Jennifer Aniston",2006,106,5.8,106381,118.68,45
552,4,285,"Ruth Negga",2016,123,7.1,17141,7.7,79
553,1,340,"Miles Teller",2015,100,4.3,121847,56.11,27
554,7,576,"Mia Goth",2015,104,6.3,9187,NA,80
555,7,193,"Emma Watson",2015,106,7.1,30074,NA,33
556,9,516,"Jennifer Lopez",2015,91,4.6,30180,35.39,30
557,9,302,"Jason Bateman",2015,108,7.1,96688,43.77,77
558,1,209,"Luke Evans",2014,92,6.3,148504,55.94,40
559,1,532,"Chris Hemsworth",2015,122,6.9,90372,24.99,47
560,2,440,"Luke Wilson",2006,84,6.6,115355,0.44,66
561,1,589,"Sylvester Stallone",2010,103,6.5,283282,102.98,45
563,8,548,"Ethan Hawke",2012,110,6.8,171169,48.06,53
564,3,509,"John C. Reilly",2012,101,7.8,290559,189.41,72
565,1,535,"Kristen Stewart",2012,127,6.1,239772,155.11,57
566,2,301,"Levi Miller",2015,111,5.8,47804,34.96,36
567,1,420,"Shia LaBeouf",2011,154,6.3,338369,352.36,42
568,5,279,"Ellen Page",2007,96,7.5,432461,143.49,81
569,5,616,"Tom Hanks",2016,98,6.1,26521,4.2,58
570,6,298,"George Clooney",2016,98,6.5,68654,41.01,55
571,5,457,"Cameron Diaz",2014,109,6,110825,83.91,39
572,3,362,"Amy Adams",2007,107,7.1,150353,127.71,75
573,5,448,"Robert De Niro",2015,121,7.1,159582,75.27,51
574,5,327,"Steve Carell",2006,101,7.8,374044,59.89,80
575,4,66,"Miles Teller",2016,117,6.8,11900,4.85,62
576,1,383,"Sam Worthington",2010,106,5.8,238206,163.19,39
577,1,119,"Chris Pine",2016,117,6.8,44425,27.55,58
578,1,337,"Jeff Bridges",2010,125,6.8,273959,172.05,49
579,1,195,"Jennifer Lawrence",2013,146,7.6,525646,424.65,76
580,6,32,"Ryan Gosling",2010,101,6.3,44158,0.58,57
581,1,318,"Dave Bautista",2016,90,4.9,6809,131.56,37
582,1,389,"Noah Ringer",2010,103,4.2,125129,NA,20
583,5,255,"Jason Segel",2014,94,5.1,89885,38.54,36
584,5,365,"Cameron Diaz",2012,110,5.7,60059,41.1,41
585,4,67,"Brad Pitt",2011,133,7.6,297395,75.61,87
586,1,403,"Nicolas Cage",2007,114,5.2,190673,115.8,35
587,4,40,"Jack O'Connell",2014,137,7.2,114006,115.6,59
588,1,591,"Henry Cavill",2011,110,6,142900,83.5,46
589,2,133,"Cillian Murphy",2007,107,7.3,199860,3.68,64
590,3,399,"Kelly Macdonald,Billy Connolly",2012,93,7.2,293941,237.28,69
591,7,459,"Michael Nyqvist",2009,152,7.8,182074,10.1,76
592,7,44,"Naomi Watts",2013,112,6.2,25208,0.32,37
593,6,430,"Tom Hardy",2014,106,7.1,116118,10.72,69
594,5,36,"Amanda Bynes",2006,105,6.4,122864,2.34,45
595,5,553,"Will Ferrell",2015,96,6.1,68306,150.32,42
596,7,411,"Kodi Smit-McPhee",2010,116,7.2,97141,12.13,79
597,1,286,"Sean Faris",2008,110,6.6,84083,24.85,39
598,1,383,"Sacha Baron Cohen",2016,83,6.2,63408,6.86,44
599,7,171,"Sam Rockwell",2009,97,7.9,277123,5.01,67
600,3,614,"Will Ferrell",2010,95,7.3,183926,148.34,63
601,1,534,"Sean Penn",2013,113,6.7,181432,46,40
602,1,281,"Mel Gibson",2016,88,6.4,40357,93.95,66
603,5,358,"Jennifer Aniston",2009,129,6.4,137684,NA,47
604,3,15,"Jack Black",2016,95,7.2,89791,143.52,66
605,6,640,"Matt Vael",2015,110,5.1,1630,6.53,90
606,7,303,"Fionn O'Shea",2016,95,7.4,338,NA,NA
607,7,157,"Jennifer Lawrence",2010,100,7.2,116435,NA,NA
608,5,558,"Jason Bateman",2011,98,6.9,368556,117.53,57
609,7,636,"Anne Dorval",2014,139,8.1,33560,3.49,74
610,1,233,"Ron Perlman",2008,120,7,216932,75.75,78
611,7,511,"Alice Englert",2013,124,6.2,71822,19.45,52
612,5,397,"Sandra Hüller",2016,162,7.6,24387,1.48,93
613,7,492,"Rachel Weisz",2009,135,6.7,130702,43.98,42
614,4,31,"Brad Pitt",2007,160,7.5,143564,3.9,68
615,5,336,"Joseph Gordon-Levitt",2013,90,6.6,199973,24.48,66
616,1,273,"Idris Elba",2016,92,6.3,21089,0.04,48
618,1,208,"Matthew McConaughey",2016,139,6.9,29895,NA,NA
619,1,471,"Anna Kendrick",2015,95,6.3,30053,0.03,52
620,2,63,"Ben Stiller",2013,114,7.3,249877,58.23,54
621,5,514,"Shameik Moore",2015,103,7.3,66400,17.47,72
622,1,392,"Kate Beckinsale",2012,88,6.4,127157,62.32,39
623,7,371,"Willem Dafoe",2009,108,6.6,94069,0.4,49
624,8,396,"Jared Padalecki",2009,97,5.6,78631,65,34
625,1,466,"Liam Neeson",2014,109,6,144715,89.25,26
626,1,376,"Colin Farrell",2012,118,6.3,210965,58.88,43
627,1,78,"Patrick Stewart",2006,104,6.7,406540,234.36,58
628,5,632,"Lyndsy Fonseca",2016,88,6,7181,NA,46
629,6,117,"Keanu Reeves",2016,93,6.1,10700,NA,NA
630,2,564,"Ben Stiller",2014,98,6.2,74886,113.73,47
631,5,174,"Jake Gyllenhaal",2010,112,6.7,151519,32.36,55
632,5,185,"James Franco",2014,112,6.6,261536,6.11,52
633,5,73,"Kang-ho Song",2006,120,7,73491,2.2,85
634,7,423,"Amber Perkins",2011,85,4.9,6683,NA,94
635,3,34,"Ben Burtt",2008,98,8.4,776897,223.81,NA
636,5,344,"Seth Rogen",2007,129,7,309398,148.73,85
637,9,171,"Jake Gyllenhaal",2011,93,7.5,404884,54.7,74
638,6,309,"Tom Hardy",2012,116,7.3,195360,37.4,58
639,7,379,"Heather Sossaman",2014,83,5.6,50402,31.54,59
640,5,321,"Jason Biggs",2012,113,6.7,178471,56.72,49
641,4,203,"Will Smith",2006,117,8,361105,162.59,64
642,5,122,"Darío Grandinetti",2014,122,8.1,110100,3.08,77
643,5,198,"Adam Sandler",2015,119,4.8,31149,NA,18
644,7,196,"Pierre Niney",2016,113,7.5,4304,0.86,73
645,7,239,"Sofia Black-D'Elia",2016,85,5.5,3564,NA,72
646,7,112,"Clint Eastwood",2008,116,8.2,595779,148.09,NA
647,5,319,"Bradley Cooper",2015,101,6.6,76469,13.65,42
649,7,346,"Emily Browning",2011,101,5.3,27006,0.03,NA
650,1,404,"Zoey Deutch",2014,104,5.6,44111,7.79,30
651,7,603,"Johnny Depp",2007,116,7.4,296289,52.88,83
652,6,7,"Anthony Hopkins",2015,101,6.4,36300,NA,36
653,8,271,"Patrick Wilson",2010,103,6.8,219916,53.99,52
654,5,10,"Andy Samberg",2016,87,6.7,30875,9.39,68
655,7,244,"Ellie Kendrick",2016,83,6.4,482,NA,82
656,4,428,"Christian Bale",2009,140,7,240323,97.03,70
657,7,512,"Ellar Coltrane",2014,165,7.9,286722,25.36,100
658,1,331,"Megan Fox",2014,101,5.9,178527,190.87,31
659,6,138,"Naomi Watts",2007,100,7.7,198006,17.11,82
660,7,567,"Geoffrey Rush",2015,96,6.7,2798,0.03,62
661,1,143,"Seth Rogen",2008,111,7,267872,87.34,64
662,5,322,"Dylan O'Brien",2012,95,6.9,54027,0.02,55
663,6,61,"Morgan Freeman",2007,114,7.7,206707,20.3,72
664,1,480,"Sandra Bullock",2013,117,6.6,140151,159.58,60
665,7,419,"Isabelle Huppert",2016,102,7.1,5796,0.28,88
666,7,301,"Keira Knightley",2012,129,6.6,75291,12.8,63
667,6,13,"Ethan Hawke",2015,106,5.7,26320,0.05,32
668,2,559,"Mark Wahlberg",2015,115,6.3,136323,81.26,48
669,5,420,"Mark Wahlberg",2013,129,6.5,168875,49.87,45
670,2,174,"Leonardo DiCaprio",2006,143,8,422014,57.37,64
671,4,54,"Colin Firth",2013,114,6.1,15514,NA,42
672,6,131,"Tom Hardy",2015,137,6.5,47703,1.21,41
673,7,355,"Jeremy Renner",2008,131,7.6,352023,15.7,94
674,1,406,"Ryan Reynolds",2011,114,5.6,231907,116.59,39
675,1,315,"Alexander Skarsgård",2016,98,5.9,9285,NA,50
676,8,199,"Thomas Jane",2007,126,7.2,233346,25.59,58
677,1,436,"Sylvester Stallone",2013,115,6.7,188004,25.12,49
678,5,103,"Lily Collins",2014,102,7.2,80415,0.01,44
679,5,49,"Mae Whitman",2015,101,6.5,57874,34.02,56
680,1,283,"Byung-hun Lee",2016,140,7.2,2403,0.54,78
681,1,195,"Jennifer Lawrence",2014,123,6.7,331902,337.1,64
682,7,388,"Tilda Swinton",2011,112,7.5,104953,1.74,68
683,5,630,"Kate Beckinsale",2016,90,6.5,16164,14.01,87
684,1,237,"Lily Collins",2013,130,5.9,112313,31.17,33
685,7,203,"Will Smith",2008,123,7.7,245144,69.95,36
686,4,612,"Colin Firth",2010,118,8,534388,138.8,88
687,4,580,"Stuart Graham",2008,96,7.6,54486,0.15,82
688,1,168,"Hayden Christensen",2008,88,6.1,252503,80.17,35
689,3,375,"Tom Hanks",2010,103,8.3,586669,414.98,92
690,7,617,"Gary Oldman",2011,122,7.1,157053,24.1,85
691,1,485,"Milla Jovovich",2012,96,5.4,114144,42.35,39
692,7,212,"Alia Bhatt",2016,151,7.8,23540,1.4,56
693,4,424,"Colin Firth",2016,104,6.5,10708,1.36,NA
694,1,485,"Kit Harington",2014,105,5.5,90188,23.22,39
695,2,39,"Suraj Sharma",2012,127,7.9,471109,124.98,79
696,7,372,"Richard Gere",2009,93,8.1,177602,NA,61
697,5,275,"Channing Tatum",2011,100,6.1,19636,0.2,NA
698,7,438,"Michael Pitt",2014,106,7.3,86271,0.33,57
699,1,376,"Bruce Willis",2007,128,7.2,347567,134.52,69
700,5,86,"Wesley Elder",2016,94,5.5,1427,NA,44
701,6,425,"Naomi Watts",2007,111,6.5,73835,1.29,NA
702,5,559,"Mark Wahlberg",2012,106,7,494641,218.63,62
703,1,523,"Bruce Willis",2010,111,7.1,250012,90.36,60
704,2,60,"Nicole Kidman",2008,165,6.6,106115,49.55,53
705,1,219,"Dwayne Johnson",2010,98,6.5,83788,23.23,44
706,6,395,"Josh Stewart",2016,87,5.8,4754,NA,60
708,5,310,"Sharlto Copley",2016,88,6.5,5908,1.02,53
709,6,139,"Robert Downey Jr.",2014,141,7.4,146812,47.11,48
710,6,305,"Eric Bana",2013,96,6.2,18437,5.73,50
711,1,420,"Shia LaBeouf",2009,150,6,335757,402.08,35
712,3,422,"Emmanuel Garijo",2016,80,7.6,11482,0.92,86
713,3,333,"Diego Luna",2014,95,7.3,50388,50.15,67
714,7,158,"Lubna Azabal",2010,131,8.2,92863,6.86,80
715,5,72,"Ben Stiller",2007,116,5.8,74664,36.77,46
716,3,217,"Elijah Wood",2006,108,6.5,141141,197.99,77
717,5,167,"Adrian Grenier",2015,104,6.6,64557,32.36,38
718,8,82,"Scott Speedman",2008,86,6.2,96718,52.53,47
719,1,134,"Russell Crowe",2014,138,5.8,209700,101.16,68
720,5,456,"Seth Rogen",2014,97,6.4,236500,150.06,68
721,7,371,"Charlotte Gainsbourg",2013,123,6.7,65824,0.33,60
722,2,282,"Reese Witherspoon",2014,115,7.1,95553,37.88,76
723,5,159,"Adam Sandler",2010,102,6,190385,162,30
724,8,6,"James Allen McCune",2016,89,5.1,26088,20.75,47
725,1,237,"Jackie Chan",2010,140,6.2,127983,176.59,61
726,5,603,"Johnny Depp",2012,113,6.2,209326,79.71,55
727,5,631,"Mila Kunis",2011,109,6.6,286543,55.8,63
728,7,452,"Edward Norton",2006,110,7.6,309934,39.83,68
729,1,299,"Liam Neeson",2010,117,6.8,219116,77.21,47
730,10,6,"Dan Stevens",2014,100,6.7,71069,0.32,76
731,5,564,"Vince Vaughn",2013,119,6.3,166342,44.67,42
732,2,228,"Simon Pegg",2011,104,7,201707,37.37,57
733,5,565,"Jessica Brown Findlay",2016,100,6.9,688,NA,51
734,9,532,"Tom Hanks",2006,149,6.6,338280,217.54,46
735,5,81,"Eddie Murphy",2016,104,7.7,16163,0.69,37
736,2,409,"Asa Butterfield",2011,126,7.5,259182,73.82,83
737,8,469,"Emma Roberts",2015,93,5.6,4155,0.02,68
738,1,515,"Leonardo DiCaprio",2008,128,7.1,182305,39.38,57
739,7,595,"Christian Bale",2015,118,5.7,17439,0.56,53
740,1,516,"Brendan Fraser",2008,112,5.2,124554,102.18,31
741,5,62,"Melissa McCarthy",2016,99,5.4,29642,63.03,40
742,1,329,"Edgar Ramírez",2016,111,6.6,8998,4.71,54
743,7,343,"Ricardo Darín",2009,129,8.2,144524,20.17,80
744,2,184,"Jeff Bridges",2010,110,7.6,254904,171.03,80
745,7,416,"Zac Efron",2015,96,6.2,25903,3.59,46
746,5,559,"Seth MacFarlane",2014,116,6.1,144779,42.62,44
747,10,99,"Brian White",2016,86,4.6,313,NA,60
748,5,625,"Lily Collins",2016,127,5.7,3731,3.65,NA
749,8,439,"Elizabeth Reaser",2016,99,6.1,30035,34.9,65
750,2,602,"Logan Lerman",2013,106,5.9,91684,68.56,39
751,6,230,"Anthony Hopkins",2007,113,7.2,148943,39,68
752,8,439,"Karen Gillan",2013,104,6.5,92875,27.69,61
753,5,408,"Colin Farrell",2008,107,7.9,322536,7.76,67
754,1,417,"Reese Witherspoon",2012,103,6.3,154400,54.76,31
755,4,192,"Tatiana Pauhofová",2016,106,5,353,NA,64
756,2,309,"Viggo Mortensen",2009,111,7.3,187302,0.06,NA
757,7,172,"Abbie Cornish",2016,92,5.2,2083,NA,46
758,7,259,"Larenz Tate",2016,87,6.6,256,NA,36
759,1,396,"Jason Momoa",2011,113,5.2,84893,21.27,NA
760,1,148,"Mark Wahlberg",2010,116,7.8,290056,93.57,79
761,7,366,"Freddie Highmore",2007,114,7.5,91229,31.66,38
762,5,320,"Jon Favreau",2014,114,7.3,151970,31.24,68
763,7,213,"Helen Mirren",2015,102,7.3,57826,18.7,73
764,1,121,"Shia LaBeouf",2008,118,6.6,156158,101.11,43
765,8,262,"Ethan Hawke",2013,85,5.7,154588,64.42,41
766,5,505,"Aamir Khan",2014,153,8.2,103279,10.57,51
767,1,213,"Harrison Ford",2013,114,6.7,194236,61.66,NA
768,1,587,"Harrison Ford",2008,122,6.2,351361,317.01,65
769,7,256,"Nat Wolff",2015,109,6.3,72515,31.99,56
770,7,64,"Tom Hiddleston",2015,119,5.7,25928,0.34,65
771,1,393,"Daniel Craig",2008,106,6.6,347798,168.37,58
772,1,624,"Sigourney Weaver",2016,95,4.5,2043,NA,34
773,3,156,"Jay Baruchel",2010,98,8.1,523893,217.39,74
774,7,389,"Paul Giamatti",2006,110,5.6,82701,42.27,36
775,7,134,"Hugh Jackman",2006,96,7.3,199193,10.14,51
776,3,311,"Owen Wilson",2011,106,6.2,110490,191.45,57
777,8,519,"Malcolm McDowell",2016,102,5.1,10871,0.78,35
778,1,621,"Abigail Breslin",2015,90,4.7,9026,NA,56
779,5,242,"Maddy Curley",2016,90,4.8,499,NA,NA
780,4,410,"Dev Patel",2015,108,7.2,29912,3.86,NA
781,1,280,"Liam Neeson",2011,113,6.9,218679,61.09,56
782,1,591,"Ryan Reynolds",2015,117,6.5,67196,12.28,34
783,6,80,"Kevin Costner",2007,120,7.3,128146,28.48,45
784,5,3,"Callum Turner",2016,82,6.5,1031,NA,77
785,5,96,"Chris Evans",2014,95,6.9,31370,0.04,31
786,4,481,"Tom Hanks",2013,134,7.8,346154,107.1,83
787,7,296,"Rooney Mara",2016,108,6.8,378,NA,37
788,1,588,"Ben Winchell",2016,92,4.6,11555,3.77,22
789,3,216,"Adam Sandler",2015,89,6.7,69157,169.69,44
790,1,490,"Will Smith",2008,92,6.4,366138,227.95,49
791,5,278,"Amy Poehler",2015,118,6,50241,87.03,58
792,5,384,"Robert De Niro",2013,111,6.3,92868,36.92,42
793,5,363,"Seth Rogen",2008,101,6.6,154936,31.45,56
794,3,110,"Gaspard Schlatter",2016,66,7.8,4370,0.29,85
795,1,51,"Sam Worthington",2012,102,6.6,129252,18.6,40
796,5,248,"Natalie Portman",2011,108,6.2,178243,70.63,50
797,2,626,"Christian Bale",2006,120,7.3,87887,5.48,77
798,3,501,"Steve Carell",2013,98,7.4,304837,368.05,62
799,6,549,"Liam Neeson",2014,114,6.5,93883,25.98,57
800,1,173,"Simon Pegg",2013,109,7,199813,26,81
801,5,363,"Lily-Rose Depp",2016,88,4.3,7091,NA,23
802,5,408,"Colin Farrell",2012,110,7.2,196652,14.99,66
803,3,525,"Ray Winstone",2007,115,6.2,146566,82.16,59
804,1,360,"Chris Pine",2014,105,6.2,103681,50.55,57
806,6,536,"Mark Wahlberg",2014,111,6,52537,33.63,55
807,1,442,"Jake Gyllenhaal",2010,116,6.6,233148,90.76,50
808,5,269,"Miles Teller",2013,95,7.1,115751,6.85,82
809,4,27,"David Oyelowo",2016,111,6.8,4771,3.9,65
810,1,398,"Nicolas Cage",2016,128,5.2,4964,NA,30
811,1,197,"Munro Chambers",2015,93,6.7,19309,0.05,60
812,8,30,"Jessica Chastain",2013,100,6.2,142560,71.59,57
813,8,280,"Vera Farmiga",2009,123,7,153448,41.57,42
814,5,635,"Woody Allen",2012,112,6.3,72050,16.68,54
815,3,627,"George Clooney",2009,87,7.8,149779,21,83
816,6,573,"Denzel Washington",2006,129,7.6,285441,88.5,76
817,6,316,"Pierce Brosnan",2016,95,5.4,8755,NA,27
818,2,133,"James Franco",2010,94,7.6,294010,18.33,82
819,8,317,"Ward Horton",2014,99,5.4,91106,84.26,37
820,8,317,"Katie Cassidy",2016,73,4.6,564,NA,63
821,7,545,"Michelle Williams",2014,107,6.9,13711,NA,NA
822,2,597,"Christopher Plummer",2009,123,6.8,130153,7.69,65
823,1,579,"Dennis Quaid",2009,118,5.8,180105,150.17,32
824,4,47,"Rebecca Hall",2016,119,7,5855,0.3,72
825,7,164,"Shia LaBeouf",2015,90,5.8,4779,NA,27
826,8,495,"Michael Vartan",2016,88,5.3,1427,NA,25
827,7,189,"Naomi Watts",2016,91,4.6,5715,6.88,NA
828,1,415,"Mark Chao",2016,108,5.3,1391,NA,77
829,1,522,"Kurt Russell",2007,191,7.6,160350,25.03,NA
830,5,277,"Carmen Electra",2008,87,1.9,77207,14.17,15
831,7,589,"Sylvester Stallone",2006,102,7.2,171356,70.27,63
832,5,137,"Zachary Gordon",2012,94,6.4,16917,49,54
833,7,89,"Mia Wasikowska",2011,120,7.4,67464,11.23,76
834,1,38,"Matthew McConaughey",2008,112,5.7,62719,70.22,29
835,5,370,"Sacha Baron Cohen",2012,83,6.4,225394,59.62,58
836,9,182,"Karl Urban",2014,108,6.3,38804,5.98,24
837,6,120,"Adrian Titieni",2016,128,7.5,5531,0.13,84
838,1,159,"Adam Sandler",2008,113,5.5,163144,100.02,54
839,6,215,"Ana de Armas",2016,102,4.2,8409,NA,23
840,4,8,"Ethan Hawke",2016,115,7.8,346,NA,60
841,5,553,"Jason Bateman",2014,108,6.3,125190,54.41,40
842,7,385,"Tilda Swinton",2015,125,6.4,15232,1.98,74
843,7,371,"Kirsten Dunst",2011,135,7.1,137117,3.03,80
844,3,531,"Anika Noni Rose",2009,97,7.1,95480,104.37,73
845,1,619,"Denzel Washington",2010,98,6.8,157499,81.56,69
846,7,525,"Denzel Washington",2012,138,7.3,276347,93.75,76
847,3,604,"Jim Parsons",2015,94,6.7,77447,177.34,55
848,6,222,"Geoffrey Rush",2013,131,7.8,77986,0.09,49
849,10,451,"Sophie Nélisse",2016,108,6.3,1066,NA,64
850,4,79,"Chadwick Boseman",2013,128,7.5,69659,95,62
851,6,521,"Jim Sturgess",2008,123,6.8,198395,81.16,48
852,7,304,"Keira Knightley",2013,104,7.4,111875,16.17,62
853,6,547,"Christian Bale",2013,116,6.8,88829,11.33,63
854,7,635,"Rebecca Hall",2008,96,7.1,208770,23.21,70
855,3,402,"Jack Black",2008,92,7.6,329788,215.4,73
856,5,391,"Ice Cube",2016,111,5.9,9993,54.01,67
857,1,417,"Christian Bale",2009,115,6.6,297093,125.32,49
858,4,511,"Hilary Swank",2007,123,7.5,55648,36.58,64
859,8,20,"Ted Levine",2006,107,6.4,136642,41.78,52
860,4,112,"Angelina Jolie",2008,141,7.8,206793,35.71,63
861,7,25,"Robert Pattinson",2010,113,7.2,119376,19.06,40
862,3,449,"Miyu Irino",2016,129,8.4,2421,NA,80
863,5,435,"Steve Carell",2014,81,6.2,32310,66.95,54
864,7,582,"Tom Hardy",2013,85,7.1,100890,1.36,81
865,9,20,"Jamie Dornan",2016,108,6.3,6175,NA,41
866,7,20,"Daniel Radcliffe",2013,120,6.5,61060,0.16,46
867,7,270,"Logan Lerman",2016,110,6.9,7402,3.4,78
868,4,368,"Ezra Miller",2015,122,6.9,20907,0.64,67
869,5,137,"Zachary Gordon",2011,99,6.6,20194,52.69,51
870,1,252,"Tom Cruise",2006,126,6.9,270429,133.38,66
871,5,236,"Rolf Lassgård",2015,116,7.7,21569,3.36,70
872,1,274,"Justin Chatwin",2009,85,2.7,59512,9.35,45
873,1,125,"Chris Hemsworth",2012,93,5.4,64584,44.8,31
874,7,382,"Anne Hathaway",2011,107,7,113599,13.77,48
875,5,225,"Katherine Heigl",2010,114,6.6,101301,53.36,39
876,7,342,"Jeremy Renner",2007,100,7,221858,28.64,78
877,5,330,"Nicholas Hoult",2013,98,6.9,193579,66.36,59
878,7,635,"Cate Blanchett",2013,98,7.3,160592,33.4,78
879,1,324,"Dwayne Johnson",2013,110,5.8,152145,122.51,41
880,1,331,"Sam Worthington",2012,99,5.8,159230,83.64,37
881,1,241,"Hiroki Hasegawa",2016,120,6.9,8365,1.91,68
882,4,312,"Emma Thompson",2013,125,7.5,125693,83.3,65
883,7,622,"Johnny Depp",2014,119,6.3,184564,23.01,42
884,3,88,"Jesse Eisenberg",2011,96,6.9,173919,143.62,63
885,7,169,"Nicholas Hoult",2015,101,6.1,16361,0.03,43
886,7,14,"Brad Pitt",2006,143,7.5,253417,34.3,69
887,7,595,"Brad Pitt",2011,139,6.8,143517,13.3,85
888,7,550,"Zac Efron",2012,101,6.5,82874,60.44,39
889,5,20,"Elisabeth Shue",2010,88,5.5,75262,25,53
890,5,330,"Joseph Gordon-Levitt",2011,100,7.7,281625,34.96,72
891,6,191,"Dylan Duffus",2016,104,3.5,202,NA,59
892,5,344,"Paul Rudd",2012,134,6.2,108156,67.52,NA
893,1,564,"Hugh Jackman",2011,127,7.1,264480,85.46,56
894,5,429,"Sarah Jessica Parker",2008,145,5.5,102547,152.64,53
895,1,589,"Sylvester Stallone",2008,92,7.1,187077,42.72,46
896,1,522,"Rose McGowan",2007,105,7.1,174553,NA,55
897,4,493,"Will Smith",2015,123,7.1,61274,34.53,NA
898,2,591,"Lee Pace",2006,117,7.9,93036,2.28,64
899,5,521,"Katherine Heigl",2009,96,6.5,172558,88.92,28
900,5,210,"Kate Hudson",2009,89,5.5,83976,58.72,24
901,5,378,"Jason Sudeikis",2015,101,6.5,27730,0.81,64
902,1,149,"Samuel L. Jackson",2006,105,5.6,118905,34.01,58
903,5,421,"Daniel Radcliffe",2013,98,6.8,55243,3.45,59
904,3,156,"Jay Baruchel",2014,102,7.9,237565,177,76
905,1,334,"Joel Kinnaman",2014,117,6.2,190833,58.61,52
906,7,263,"Nat Wolff",2016,110,6.2,1455,NA,43
907,5,431,"Sally Field",2015,95,6.7,12361,14.44,63
908,6,586,"George Clooney",2007,122,6.9,269581,117.14,62
909,5,265,"Nathan Fillion",2006,95,6.5,64351,7.77,69
910,7,586,"Matt Damon",2011,106,6.6,187004,75.64,70
911,7,413,"Salma Hayek",2015,133,6.4,17565,0.08,72
912,10,469,"Ruth Wilson",2016,87,4.7,4204,NA,68
913,2,202,"Josh Hutcherson",2007,96,7.2,117297,82.23,74
914,9,272,"Emily Baldoni",2013,89,7.2,66265,0.07,65
915,4,219,"Jamal Woolard",2009,122,6.7,33007,36.84,60
916,7,243,"Jun Kunimura",2016,156,7.5,17962,0.79,81
917,1,569,"Sylvester Stallone",2012,103,6.6,257395,85.02,51
918,6,232,"William Atherton",2007,91,6.7,19351,NA,29
919,6,616,"Ben Whishaw",2006,147,7.5,199387,2.21,56
920,2,101,"Nicole Kidman",2007,113,6.1,155078,70.08,51
921,1,453,"Michael Fassbender",2010,97,6.4,67801,0.12,62
922,1,106,"Tye Sheridan",2015,93,6.3,31651,3.64,32
923,5,84,"Zac Efron",2009,102,6.4,152808,64.15,48
924,1,306,"Lake Bell",2015,103,6.8,57921,27.29,38
925,1,83,"Brandon Routh",2006,154,6.1,246797,200.07,72
926,2,68,"Kristen Stewart",2011,117,4.9,190244,281.28,45
927,7,373,"Gabourey Sidibe",2009,110,7.3,91623,47.54,79
928,7,234,"Matthew McConaughey",2015,110,5.9,7475,0.02,23
929,5,97,"Zoey Deutch",2016,86,6.1,3843,NA,86
930,7,483,"Philip Seymour Hoffman",2012,144,7.1,112902,16.38,NA
931,5,118,"Kenny Wormald",2011,113,5.9,39380,51.78,58
932,7,504,"Chloë Grace Moretz",2014,107,6.8,92170,50.46,46
933,7,246,"Dan Stevens",2016,97,5.4,924,NA,52
934,10,109,"Tye Sheridan",2016,97,6.3,2205,NA,46
935,5,41,"Samantha Robinson",2016,120,6.2,4669,0.22,82
936,1,4,"Will Ferrell",2006,108,6.6,137502,148.21,66
937,8,615,"Dieter Laser",2009,92,4.4,60655,0.18,33
938,5,265,"Rainn Wilson",2010,96,6.8,64535,0.32,50
939,1,513,"Jamie Dornan",2016,108,7.3,14689,NA,83
940,7,279,"George Clooney",2009,109,7.4,279694,83.81,NA
941,8,538,"Vinnie Jones",2008,98,6.1,50255,0.07,58
942,2,153,"Kristen Stewart",2010,124,4.9,192740,300.52,58
943,10,226,"Johnny Simmons",2016,86,5.8,1292,NA,73
944,5,401,"Anna Faris",2011,106,6.1,62095,13.99,35
945,1,154,"Vin Diesel",2013,119,6.4,132098,42,49
947,4,373,"Forest Whitaker",2013,132,7.2,93322,116.63,NA
948,6,349,"Garrett Clayton",2016,91,5.6,3990,0.03,48
949,1,389,"Jaden Smith",2013,100,4.9,166512,60.52,33
950,2,353,"Jahking Guillory",2016,80,6.1,2417,0.15,69
951,5,24,"Thomas Mann",2015,105,7.8,92076,6.74,74
952,5,19,"George Clooney",2011,115,7.3,211348,82.62,84
953,5,429,"Sarah Jessica Parker",2010,146,4.3,62403,95.33,27
954,2,332,"Nick Robinson",2013,95,7.2,65653,1.29,61
955,1,485,"Jason Statham",2008,105,6.4,173731,36.06,43
956,5,611,"Zac Efron",2014,94,6.2,81823,26.05,36
957,1,551,"Paul Bettany",2010,100,5.2,84158,40.17,32
958,6,136,"Jake Gyllenhaal",2012,109,7.7,192190,40.98,68
959,1,417,"Kevin Costner",2014,117,6.2,73567,30.69,40
960,6,482,"Josh Hartnett",2006,110,7.8,271940,22.49,53
961,6,133,"James McAvoy",2013,101,7,97141,2.32,61
962,7,476,"Ellen Page",2015,101,5.9,10220,0.01,59
963,4,348,"Natalie Portman",2008,115,6.7,88260,26.81,50
964,6,584,"Sarah Butler",2010,108,6.3,60133,0.09,27
965,7,266,"Viola Davis",2016,104,6.9,280,NA,72
966,7,146,"Laura Dern",2006,180,7,44227,NA,NA
967,2,292,"Lambert Wilson",2016,122,6.7,1810,NA,70
968,2,525,"Joseph Gordon-Levitt",2015,123,7.3,92378,10.14,NA
969,1,433,"Anna Hutchison",2015,83,3.5,1210,NA,37
970,1,224,"Johnny Depp",2013,150,6.5,190855,89.29,NA
971,8,313,"Alexandra Daddario",2013,92,4.8,37060,34.33,62
972,7,121,"Shia LaBeouf",2007,105,6.9,193491,80.05,NA
973,5,5,"Julianne Hough",2012,123,5.9,64513,38.51,47
974,8,629,"Neve Campbell",2011,111,6.2,108544,38.18,52
975,4,444,"Madina Nalwanga",2016,124,7.4,6753,8.81,73
976,5,365,"Nia Vardalos",2016,94,6,20966,59.57,37
977,7,220,"Charlize Theron",2015,113,6.2,31634,NA,39
978,5,381,"Jason Biggs",2016,92,5,2229,NA,38
979,7,636,"Nathalie Baye",2016,97,7,10658,NA,48
980,7,486,"Antonio Banderas",2011,120,7.6,108772,3.19,70
981,4,475,"Jennifer Garner",2016,109,7,12048,61.69,44
982,5,631,"Quvenzhané Wallis",2014,118,5.3,27312,85.91,33
983,7,347,"Evan Rachel Wood",2007,133,7.4,95172,24.34,56
984,5,386,"Jake Johnson",2014,104,6.5,112729,82.39,30
985,2,71,"Thomas Haden Church",2015,111,6.8,21405,42.65,47
986,2,143,"Danny McBride",2011,102,5.6,87904,21.56,31
987,8,583,"Nicholas D'Agosto",2011,92,5.9,88000,42.58,50
988,7,560,"Gabriella Wilde",2014,104,6.3,33688,23.39,30
989,8,474,"Morjana Alaoui",2008,99,7.1,63785,NA,89
990,4,55,"David Oyelowo",2014,128,7.5,67637,52.07,NA
991,1,479,"Rhona Mitra",2009,92,6.6,129708,45.8,44
992,7,1,"Darsheel Safary",2007,165,8.5,102697,1.2,42
993,5,421,"Topher Grace",2011,97,6.3,45419,6.92,NA
994,1,485,"Milla Jovovich",2010,97,5.9,140900,60.13,37
995,5,460,"Thomas Mann",2012,88,6.7,164088,54.72,48
996,6,69,"Chiwetel Ejiofor",2015,111,6.2,27585,NA,45
997,8,176,"Lauren German",2007,94,5.5,73152,17.54,46
998,7,324,"Robert Hoffman",2008,98,6.2,70699,58.01,50
999,2,546,"Adam Pally",2014,93,5.6,4881,NA,22
1000,5,59,"Kevin Spacey",2016,87,5.3,12435,19.64,11
